date,selected_method,net_return,benchmark_return,net_active_return,turnover,cost,max_industry_weight,size_exposure,switch,weight_lingxi,weight_lingxi_pitnorm,weight_lingxi_pitnorm_gate_return_floor
2025-01-02,lingxi_pitnorm,0.0048558574130989985,-0.00218207740557247,0.007037934818671468,0.1,0.0001,0.2,0.09313634995827513,0.0,0.0,1.0,0.0
2025-01-03,lingxi_pitnorm,0.0037666068163096033,-0.0024391242302635417,0.0062057310465731454,0.2,0.0002,0.30000000000000004,0.6596292986402901,0.0,0.0,1.0,0.0
2025-01-06,lingxi_pitnorm,0.002848058981268771,-0.0025900178916624023,0.0054380768729311735,0.30000000000000004,0.00030000000000000003,0.30000000000000004,0.9840976837132871,0.0,0.0,1.0,0.0
2025-01-07,lingxi_pitnorm,0.005202380995773,0.001452556495085451,0.0037498245006875493,0.30000000000000004,0.00030000000000000003,0.2,0.5095855695307421,0.0,0.0,1.0,0.0
2025-01-08,lingxi_pitnorm,0.00024442461421863486,0.00045771652669013963,-0.00021329191247150477,0.30000000000000004,0.00030000000000000003,0.2,0.5106579866073346,0.0,0.0,1.0,0.0
2025-01-09,lingxi_pitnorm,-0.0010432428978945228,0.002129264705134322,-0.003172507603028845,0.30000000000000004,0.00030000000000000003,0.2,0.2846167393307688,0.0,0.0,1.0,0.0
2025-01-10,lingxi_pitnorm,0.005206436651476465,0.005978254076827893,-0.0007718174253514279,0.1,0.0001,0.2,0.3702476731397226,0.0,0.0,1.0,0.0
2025-01-13,lingxi_pitnorm,0.00695663539708539,0.006360143356730953,0.0005964920403544365,0.2,0.0002,0.2,0.6079830576317775,0.0,0.0,1.0,0.0
2025-01-14,lingxi_pitnorm,0.002349735032341336,0.0005442536150928822,0.001805481417248454,0.2,0.0002,0.2,0.6595079894464,0.0,0.0,1.0,0.0
2025-01-15,lingxi_pitnorm,0.0047134528321104785,0.0008149420369964911,0.0038985107951139877,0.2,0.0002,0.2,0.3524397182430796,0.0,0.0,1.0,0.0
2025-01-16,lingxi_pitnorm,0.005783965576672892,0.00013660779101538095,0.005647357785657511,0.30000000000000004,0.00030000000000000003,0.2,-0.0012561691414774145,0.0,0.0,1.0,0.0
2025-01-17,lingxi_pitnorm,0.007765741351128937,0.0009773199912719505,0.0067884213598569864,0.1,0.0001,0.2,-0.047397680151277655,0.0,0.0,1.0,0.0
2025-01-20,lingxi_pitnorm,0.0022635671269914397,2.0734053861326737e-05,0.002242833073130113,0.1,0.0001,0.2,-0.062208420790060615,0.0,0.0,1.0,0.0
2025-01-21,lingxi_pitnorm,-0.0007922342555739002,-0.0005770872059159282,-0.00021514704965797202,0.2,0.0002,0.2,-0.056127515500158154,0.0,0.0,1.0,0.0
2025-01-22,lingxi_pitnorm,0.005768049570627658,0.003274921244393045,0.002493128326234613,0.1,0.0001,0.2,0.016626388235650325,0.0,0.0,1.0,0.0
2025-01-23,lingxi_pitnorm,0.0075216590264136,0.005544732041395905,0.0019769269850176945,0.2,0.0002,0.2,-0.14251242436271028,0.0,0.0,1.0,0.0
2025-01-24,lingxi_pitnorm,0.0018244867203574787,0.00399941066517979,-0.002174923944822311,0.1,0.0001,0.2,-0.12207273583770828,0.0,0.0,1.0,0.0
2025-01-27,lingxi_pitnorm,0.0031612702236598384,0.0037974845873436766,-0.0006362143636838382,0.1,0.0001,0.2,-0.1604035350965738,0.0,0.0,1.0,0.0
2025-02-05,lingxi_pitnorm,0.00367776859959323,0.006354556151470125,-0.0026767875518768952,0.1,0.0001,0.2,-0.05550939686171219,0.0,0.0,1.0,0.0
2025-02-06,lingxi_pitnorm,-0.001346733077744111,0.003055905927798144,-0.004402639005542255,0.2,0.0002,0.1,-0.05665091268901534,0.0,0.0,1.0,0.0
2025-02-07,lingxi_pitnorm,0.003186215716926755,0.002071230082633458,0.001114985634293297,0.1,0.0001,0.1,0.009327569965829952,0.0,0.0,1.0,0.0
2025-02-10,lingxi_pitnorm,0.005318841146011997,0.0019351789559764298,0.003383662190035567,0.2,0.0002,0.1,0.028877992492631677,0.0,0.0,1.0,0.0
2025-02-11,lingxi_pitnorm,0.0032835058155094446,9.128834105951392e-05,0.0031922174744499305,0.1,0.0001,0.2,0.07089673989692358,0.0,0.0,1.0,0.0
2025-02-12,lingxi_pitnorm,0.0006675576454345024,-1.365183786305833e-05,0.0006812094832975607,0.2,0.0002,0.2,0.21358706809752093,0.0,0.0,1.0,0.0
2025-02-13,lingxi_pitnorm,0.0035217349750198148,0.001016756421313884,0.0025049785537059307,0.2,0.0002,0.2,0.2958102208294733,0.0,0.0,1.0,0.0
2025-02-14,lingxi_pitnorm,0.005004645237581211,0.0014167433760545905,0.0035879018615266206,0.1,0.0001,0.2,0.17164598043372337,0.0,0.0,1.0,0.0
2025-02-17,lingxi_pitnorm,0.002949722854048198,0.0006682792238755377,0.0022814436301726603,0.2,0.0002,0.2,0.482675568253331,0.0,0.0,1.0,0.0
2025-02-18,lingxi_pitnorm,0.0010772765049476844,0.0011803200316377932,-0.00010304352669010877,0.4,0.0004,0.2,0.22044060449253777,0.0,0.0,1.0,0.0
2025-02-19,lingxi_pitnorm,-0.0030565167723934934,0.0015608827032641498,-0.004617399475657643,0.1,0.0001,0.2,0.33971542729256043,0.0,0.0,1.0,0.0
2025-02-20,lingxi_pitnorm,-0.001990724500809728,0.001902088546300767,-0.003892813047110495,0.2,0.0002,0.2,0.4458370513813712,0.0,0.0,1.0,0.0
2025-02-21,lingxi_pitnorm,-0.00967123018413131,-0.003978338852836635,-0.005692891331294675,0.1,0.0001,0.2,0.5196340684940814,0.0,0.0,1.0,0.0
2025-02-24,lingxi_pitnorm,-0.005967306560173598,-0.0037514869217104034,-0.0022158196384631946,0.1,0.0001,0.2,0.3911802046302242,0.0,0.0,1.0,0.0
2025-02-25,lingxi_pitnorm,-0.00240236837193728,-0.0013348134258318264,-0.0010675549461054534,0.1,0.0001,0.2,0.21599534693890732,0.0,0.0,1.0,0.0
2025-02-26,lingxi_pitnorm,-0.0018496493497752663,-0.0029498779651529997,0.0011002286153777333,0.2,0.0002,0.30000000000000004,0.3495181419289004,0.0,0.0,1.0,0.0
2025-02-27,lingxi_pitnorm,0.00019059194060270715,-0.0008679700952176388,0.001058562035820346,0.4,0.0004,0.30000000000000004,-0.26379052461054364,0.0,0.0,1.0,0.0
2025-02-28,lingxi_pitnorm,0.005673983764212798,0.0025965759005855417,0.003077407863627256,0.30000000000000004,0.00030000000000000003,0.2,-0.06856927534952462,0.0,0.0,1.0,0.0
2025-03-03,lingxi_pitnorm,0.004890060907474077,0.002212463617216428,0.0026775972902576485,0.30000000000000004,0.00030000000000000003,0.2,0.27746798059444444,0.0,0.0,1.0,0.0
2025-03-04,lingxi_pitnorm,0.006997567376058769,0.0025354216206239133,0.004462145755434856,0.1,0.0001,0.2,0.42197745134937037,0.0,0.0,1.0,0.0
2025-03-05,lingxi_pitnorm,0.0039228791843245086,0.00136541677422557,0.0025574624100989382,0.1,0.0001,0.2,0.3549257779545485,0.0,0.0,1.0,0.0
2025-03-06,lingxi_pitnorm,0.0002908212283096747,-0.001675585696502654,0.0019664069248123287,0.2,0.0002,0.2,0.1677779390225531,0.0,0.0,1.0,0.0
2025-03-07,lingxi_pitnorm,0.011577824784081777,0.0030583330380667224,0.008519491746015056,0.30000000000000004,0.00030000000000000003,0.30000000000000004,-0.007905398821193899,0.0,0.0,1.0,0.0
2025-03-10,lingxi_pitnorm,0.015911574696272576,0.0031445751942619387,0.012766999502010637,0.2,0.0002,0.2,-0.03381589347889502,0.0,0.0,1.0,0.0
2025-03-11,lingxi_pitnorm,0.010727655480282892,0.0029435551433993666,0.007784100336883526,0.1,0.0001,0.2,-0.0649277708861078,0.0,0.0,1.0,0.0
2025-03-12,lingxi_pitnorm,0.007849309381282803,0.002822208637522386,0.005027100743760417,0.1,0.0001,0.2,0.12164526377025453,0.0,0.0,1.0,0.0
2025-03-13,lingxi_pitnorm,0.0070264555683069475,0.0025916465966984697,0.004434808971608478,0.2,0.0002,0.2,0.12111682028481496,0.0,0.0,1.0,0.0
2025-03-14,lingxi_pitnorm,0.0007466472183904728,-0.003816847431244684,0.004563494649635157,0.2,0.0002,0.2,-0.08186998850384697,0.0,0.0,1.0,0.0
2025-03-17,lingxi_pitnorm,-0.0013758217295848695,-0.0030916885541064816,0.0017158668245216121,0.1,0.0001,0.2,0.07946339094061372,0.0,0.0,1.0,0.0
2025-03-18,lingxi_pitnorm,-0.006094729929447379,-0.003712626983379251,-0.0023821029460681284,0.2,0.0002,0.30000000000000004,0.16835646934211468,0.0,0.0,1.0,0.0
2025-03-19,lingxi_pitnorm,-0.005469581185200722,-0.003350787683857702,-0.0021187935013430204,0.2,0.0002,0.30000000000000004,0.08830918591889514,0.0,0.0,1.0,0.0
2025-03-20,lingxi_pitnorm,-0.0053126963050271776,-0.00147586948668187,-0.0038368268183453075,0.30000000000000004,0.00030000000000000003,0.30000000000000004,0.2348532800466394,0.0,0.0,1.0,0.0
2025-03-21,lingxi_pitnorm,-0.005993739836906322,-3.270192359508516e-05,-0.005961037913311236,0.4,0.0004,0.2,-0.12310858058564378,0.0,0.0,1.0,0.0
2025-03-24,lingxi_pitnorm,-0.008150281040413236,-0.0012817241187775288,-0.006868556921635707,0.2,0.0002,0.30000000000000004,-0.26954836501861834,0.0,0.0,1.0,0.0
2025-03-25,lingxi_pitnorm,-0.005630977042678937,-0.00037881960019838813,-0.005252157442480549,0.30000000000000004,0.00030000000000000003,0.2,-0.09227504991860869,0.0,0.0,1.0,0.0
2025-03-26,lingxi_pitnorm,0.011287702371332234,-0.00022491867711584633,0.011512621048448081,0.1,0.0001,0.2,-0.1864962540767081,0.0,0.0,1.0,0.0
2025-03-27,lingxi_pitnorm,0.019190627051011218,-0.002568736911399204,0.021759363962410423,0.2,0.0002,0.2,0.08084338868367169,0.0,0.0,1.0,0.0
2025-03-28,lingxi_pitnorm,-0.000656427063175817,-0.01651344258980008,0.015857015526624264,0.30000000000000004,0.00030000000000000003,0.30000000000000004,-0.2645907470174578,0.0,0.0,1.0,0.0
2025-03-31,lingxi_pitnorm,-0.02450516431928168,-0.013144096184073311,-0.011361068135208369,0.30000000000000004,0.00030000000000000003,0.30000000000000004,-0.14943294973788568,0.0,0.0,1.0,0.0
2025-04-01,lingxi_pitnorm,-0.022619467245017618,-0.011161821266369887,-0.011457645978647731,0.30000000000000004,0.00030000000000000003,0.2,-0.2638878560640574,0.0,0.0,1.0,0.0
2025-04-02,lingxi_pitnorm,-0.014749002475764009,-0.008210500832860434,-0.0065385016429035745,0.30000000000000004,0.00030000000000000003,0.2,-0.09203643547322571,0.0,0.0,1.0,0.0
2025-04-03,lingxi_pitnorm,-0.005192979842366871,-0.006456324373247717,0.0012633445308808458,0.2,0.0002,0.2,-0.16419993799652843,0.0,0.0,1.0,0.0
2025-04-07,lingxi_pitnorm,0.014632728227979437,0.010484416478562191,0.004148311749417245,0.30000000000000004,0.00030000000000000003,0.2,-0.5363333512488317,0.0,0.0,1.0,0.0
2025-04-08,lingxi_pitnorm,0.011773785309456757,0.006827740267757386,0.004946045041699371,0.0,0.0,0.2,-0.5399432755031857,0.0,0.0,1.0,0.0
2025-04-09,lingxi_pitnorm,-0.00036472013675348437,0.004065568140333296,-0.00443028827708678,0.4,0.0004,0.1,0.02027050003398756,0.0,0.0,1.0,0.0
2025-04-10,lingxi_pitnorm,-0.0008368479804969929,0.0006183804029284203,-0.0014552283834254132,0.2,0.0002,0.1,-0.3655872174054089,0.0,0.0,1.0,0.0
2025-04-11,lingxi_pitnorm,-0.00081727350490967,0.00028763278544040603,-0.0011049062903500761,0.2,0.0002,0.1,-0.32138225607677917,0.0,0.0,1.0,0.0
2025-04-14,lingxi_pitnorm,-0.003959948383849396,0.0005794599928241531,-0.004539408376673549,0.2,0.0002,0.1,-0.3623993041864608,0.0,0.0,1.0,0.0
2025-04-15,lingxi_pitnorm,0.0008614765186976571,0.000785345224638242,7.613129405941506e-05,0.30000000000000004,0.00030000000000000003,0.30000000000000004,-0.15440359522448333,0.0,0.0,1.0,0.0
2025-04-16,lingxi_pitnorm,-3.407592719613977e-05,0.0008996471647996515,-0.0009337230919957913,0.2,0.0002,0.30000000000000004,-0.029613044506994868,0.0,0.0,1.0,0.0
2025-04-17,lingxi_pitnorm,0.00016374331480710787,0.0005058625990139,-0.0003421192842067922,0.2,0.0002,0.2,-0.11807677164086527,0.0,0.0,1.0,0.0
2025-04-18,lingxi_pitnorm,-0.0005324002797644843,0.0008656360373954276,-0.001398036317159912,0.2,0.0002,0.2,-0.2396956264737682,0.0,0.0,1.0,0.0
2025-04-21,lingxi_pitnorm,0.000510556737967274,-0.0010694362596406664,0.0015799929976079404,0.2,0.0002,0.4,-0.04622687844142348,0.0,0.0,1.0,0.0
2025-04-22,lingxi_pitnorm,-0.0006348396257304853,-0.0009003074804316051,0.0002654678547011198,0.2,0.0002,0.30000000000000004,-0.2974119490575813,0.0,0.0,1.0,0.0
2025-04-23,lingxi_pitnorm,-0.002418442048801967,-0.0008431662460360014,-0.0015752758027659658,0.30000000000000004,0.00030000000000000003,0.30000000000000004,0.04897413118036553,0.0,0.0,1.0,0.0
2025-04-24,lingxi_pitnorm,-0.0021623244684591514,0.0025421924096964595,-0.004704516878155611,0.1,0.0001,0.30000000000000004,0.1469848470210806,0.0,0.0,1.0,0.0
2025-04-25,lingxi_pitnorm,0.0014201342567744303,0.0030262537468081353,-0.001606119490033705,0.2,0.0002,0.2,0.1767302077073154,0.0,0.0,1.0,0.0
2025-04-28,lingxi_pitnorm,0.014838877516458179,0.004741266391412653,0.010097611125045525,0.2,0.0002,0.2,-0.13460339837051194,0.0,0.0,1.0,0.0
2025-04-29,lingxi_pitnorm,0.00874418438874326,0.00405824536471134,0.00468593902403192,0.4,0.0004,0.2,-0.12224112791116681,0.0,0.0,1.0,0.0
2025-04-30,lingxi_pitnorm,0.009108039369799478,0.0065760935996199855,0.002531945770179492,0.2,0.0002,0.2,0.054405549608780746,0.0,0.0,1.0,0.0
2025-05-06,lingxi_pitnorm,0.007052847108343448,0.003813944366059209,0.003238902742284239,0.2,0.0002,0.2,0.31204146948288525,0.0,0.0,1.0,0.0
2025-05-07,lingxi_pitnorm,0.015992311509451865,0.004587801038298046,0.011404510471153819,0.30000000000000004,0.00030000000000000003,0.2,0.21728484141073068,0.0,0.0,1.0,0.0
2025-05-08,lingxi_pitnorm,0.005630806824991046,0.0014407621309458626,0.004190044694045184,0.2,0.0002,0.1,-0.023150698458405117,0.0,0.0,1.0,0.0
2025-05-09,lingxi_pitnorm,0.005873056415316225,0.0016898149313711555,0.004183241483945069,0.1,0.0001,0.2,0.033154096866542915,0.0,0.0,1.0,0.0
2025-05-12,lingxi_pitnorm,0.0003826287527903328,-0.0012182106233845588,0.0016008393761748915,0.1,0.0001,0.1,0.11005555055893979,0.0,0.0,1.0,0.0
2025-05-13,lingxi_pitnorm,0.00023636874803140598,-0.00039444448905941756,0.0006308132370908236,0.2,0.0002,0.2,-0.21521255770308656,0.0,0.0,1.0,0.0
2025-05-14,lingxi_pitnorm,-0.003172524288353082,-0.0015818790586269835,-0.0015906452297260987,0.30000000000000004,0.00030000000000000003,0.1,-0.04781899412495605,0.0,0.0,1.0,0.0
2025-05-15,lingxi_pitnorm,0.0004056157436599997,-1.145081921044551e-05,0.0004170665628704452,0.30000000000000004,0.00030000000000000003,0.2,-0.1961377905671462,0.0,0.0,1.0,0.0
2025-05-16,lingxi_pitnorm,-0.0026140696195629926,-0.0010312127268186858,-0.0015828568927443068,0.30000000000000004,0.00030000000000000003,0.2,-0.22695892356759373,0.0,0.0,1.0,0.0
2025-05-19,lingxi_pitnorm,-0.001493581813473139,-0.0011207578101423297,-0.00037282400333080927,0.30000000000000004,0.00030000000000000003,0.2,-0.5503747026196475,0.0,0.0,1.0,0.0
2025-05-20,lingxi_pitnorm,-0.0034111131811279207,-0.003008600013893056,-0.0004025131672348646,0.2,0.0002,0.30000000000000004,-0.4248128796801307,0.0,0.0,1.0,0.0
2025-05-21,lingxi_pitnorm,-0.002393112324884807,-0.003738978967915446,0.001345866643030639,0.4,0.0004,0.2,-0.1636425656138769,0.0,0.0,1.0,0.0
2025-05-22,lingxi_pitnorm,-0.0012556998661384397,-0.0011451265252930022,-0.00011057334084543747,0.4,0.0004,0.30000000000000004,-0.5119858805943913,0.0,0.0,1.0,0.0
2025-05-23,lingxi_pitnorm,-0.0003577005711797885,-0.00026236184425664107,-9.533872692314742e-05,0.30000000000000004,0.00030000000000000003,0.2,-0.028581825886263346,0.0,0.0,1.0,0.0
2025-05-26,lingxi_pitnorm,0.0031475117512518064,0.0006588302713132711,0.0024886814799385355,0.30000000000000004,0.00030000000000000003,0.1,0.0554441364776288,0.0,0.0,1.0,0.0
2025-05-27,lingxi_pitnorm,0.00617801562396815,0.003026908191522617,0.003151107432445533,0.1,0.0001,0.1,0.019940104525829838,0.0,0.0,1.0,0.0
2025-05-28,lingxi_pitnorm,0.004710037890722339,0.003842514204656237,0.0008675236860661022,0.2,0.0002,0.2,0.18475682890907308,0.0,0.0,1.0,0.0
2025-05-29,lingxi_pitnorm,0.0053173167452408325,0.0018383236662831751,0.0034789930789576574,0.2,0.0002,0.2,0.3750639666184732,0.0,0.0,1.0,0.0
2025-05-30,lingxi_pitnorm,0.007187327065986367,0.003962583283703117,0.00322474378228325,0.1,0.0001,0.30000000000000004,0.2952485213285776,0.0,0.0,1.0,0.0
2025-06-03,lingxi_pitnorm,-0.001170406113467832,0.0019264799533358595,-0.0030968860668036916,0.2,0.0002,0.30000000000000004,0.06216964953042137,0.0,0.0,1.0,0.0
2025-06-04,lingxi_pitnorm,-0.0015352149881594278,0.0019538305869698106,-0.003489045575129238,0.1,0.0001,0.30000000000000004,0.0812438104802844,0.0,0.0,1.0,0.0
2025-06-05,lingxi_pitnorm,0.0015634876635445786,0.0014771011182218865,8.63865453226921e-05,0.4,0.0004,0.2,-0.026480053094353195,0.0,0.0,1.0,0.0
2025-06-06,lingxi_pitnorm,-0.002507623479922987,0.0002789531851566411,-0.002786576665079628,0.2,0.0002,0.1,-0.11858077510872533,0.0,0.0,1.0,0.0
2025-06-09,lingxi_pitnorm,-0.00328284054520898,-0.00047578126415456226,-0.002807059281054418,0.30000000000000004,0.00030000000000000003,0.2,0.22233460702722496,0.0,0.0,1.0,0.0
2025-06-10,lingxi_pitnorm,-0.0007587867511308951,0.0008668393453753248,-0.00162562609650622,0.30000000000000004,0.00030000000000000003,0.30000000000000004,0.7153576233432979,0.0,0.0,1.0,0.0
2025-06-11,lingxi_pitnorm,-0.002356228119085148,-8.342502746541401e-05,-0.0022728030916197343,0.4,0.0004,0.2,0.3608533780064107,0.0,0.0,1.0,0.0
2025-06-12,lingxi_pitnorm,-0.0019253793432586171,-0.0023047676826798372,0.0003793883394212201,0.4,0.0004,0.30000000000000004,0.8393355643748386,0.0,0.0,1.0,0.0
2025-06-13,lingxi_pitnorm,-0.0029232764102476703,-0.0014277908420849625,-0.0014954855681627078,0.4,0.0004,0.1,0.2780554517853062,0.0,0.0,1.0,0.0
2025-06-16,lingxi_pitnorm,-0.0038049941416552933,-0.0012412517045186488,-0.0025637424371366445,0.0,0.0,0.1,0.28024251771550723,0.0,0.0,1.0,0.0
2025-06-17,lingxi_pitnorm,-0.001328192138900503,0.0010035021677809379,-0.002331694306681441,0.5,0.0005,0.30000000000000004,0.035629946818986014,0.0,0.0,1.0,0.0
2025-06-18,lingxi_pitnorm,0.00020457990811683117,0.003535431897410118,-0.0033308519892932867,0.30000000000000004,0.00030000000000000003,0.2,0.0664484192592596,0.0,0.0,1.0,0.0
2025-06-19,lingxi_pitnorm,0.0041621332906388656,0.005000875336066318,-0.0008387420454274526,0.30000000000000004,0.00030000000000000003,0.4,0.10284104669494454,0.0,0.0,1.0,0.0
2025-06-20,lingxi_pitnorm,0.001958324818301309,0.005047910329474207,-0.0030895855111728976,0.2,0.0002,0.4,0.4470578315891167,0.0,0.0,1.0,0.0
2025-06-23,lingxi_pitnorm,0.0019218867559547496,0.0056540510717443156,-0.003732164315789566,0.30000000000000004,0.00030000000000000003,0.30000000000000004,0.4382478139203272,0.0,0.0,1.0,0.0
2025-06-24,lingxi_pitnorm,0.0025319860061689893,0.0036713998552635506,-0.0011394138490945613,0.1,0.0001,0.4,0.3255250379932981,0.0,0.0,1.0,0.0
2025-06-25,lingxi_pitnorm,-0.0004956174869131956,0.000673568719814167,-0.0011691862067273627,0.2,0.0002,0.2,0.08200363156232271,0.0,0.0,1.0,0.0
2025-06-26,lingxi_pitnorm,0.0004882567525657234,0.002692443168381319,-0.0022041864158155954,0.1,0.0001,0.2,0.08615546220993409,0.0,0.0,1.0,0.0
2025-06-27,lingxi_pitnorm,0.0012209181796233783,0.002961871613117264,-0.0017409534334938857,0.2,0.0002,0.2,-0.13736734637880943,0.0,0.0,1.0,0.0
2025-06-30,lingxi_pitnorm,0.0013794023754663785,0.00117341358914489,0.00020598878632148844,0.2,0.0002,0.1,0.04524802137512651,0.0,0.0,1.0,0.0
2025-07-01,lingxi_pitnorm,0.0023020561854280763,0.0029431963183756548,-0.0006411401329475784,0.1,0.0001,0.1,-0.019371632389223237,0.0,0.0,1.0,0.0
2025-07-02,lingxi_pitnorm,0.00251180973634342,0.0024959253194018166,1.5884416941603502e-05,0.1,0.0001,0.1,-0.03544861850408054,0.0,0.0,1.0,0.0
2025-07-03,lingxi_pitnorm,0.001084834946291009,0.0018232053816076294,-0.0007383704353166206,0.2,0.0002,0.2,0.09379037777350163,0.0,0.0,1.0,0.0
2025-07-04,lingxi_pitnorm,0.004593747222261333,0.0023052055904318755,0.0022885416318294575,0.30000000000000004,0.00030000000000000003,0.30000000000000004,-0.015221306428561121,0.0,0.0,1.0,0.0
2025-07-07,lingxi_pitnorm,0.003810677382875934,0.003232574065129554,0.0005781033177463799,0.2,0.0002,0.30000000000000004,-0.10269485279708945,0.0,0.0,1.0,0.0
2025-07-08,lingxi_pitnorm,-0.002265011638777896,0.0013109705175654517,-0.0035759821563433477,0.4,0.0004,0.2,-0.32182229754861424,0.0,0.0,1.0,0.0
2025-07-09,lingxi_pitnorm,-0.00020483166302854604,0.001430610749217133,-0.001635442412245679,0.30000000000000004,0.00030000000000000003,0.2,-0.4199432314397935,0.0,0.0,1.0,0.0
2025-07-10,lingxi_pitnorm,0.0008260118989274504,0.0025893815479119883,-0.0017633696489845379,0.30000000000000004,0.00030000000000000003,0.30000000000000004,-0.4948218566086826,0.0,0.0,1.0,0.0
2025-07-11,lingxi_pitnorm,0.003309778448612773,0.003058930959181897,0.0002508474894308758,0.4,0.0004,0.30000000000000004,-0.4660481970195498,0.0,0.0,1.0,0.0
2025-07-14,lingxi_pitnorm,0.00691060011536824,0.004768207322688996,0.002142392792679244,0.2,0.0002,0.1,-0.11186637045119951,0.0,0.0,1.0,0.0
2025-07-15,lingxi_pitnorm,0.01200146814162958,0.006802985085280616,0.005198483056348965,0.2,0.0002,0.2,0.30302740464194855,0.0,0.0,1.0,0.0
2025-07-16,lingxi_pitnorm,0.01186835572101245,0.006859524624934386,0.005008831096078064,0.2,0.0002,0.2,-0.009689334440736275,0.0,0.0,1.0,0.0
2025-07-17,lingxi_pitnorm,0.02120489625885167,0.007366290413892897,0.013838605844958773,0.30000000000000004,0.00030000000000000003,0.2,0.2552570609592202,0.0,0.0,1.0,0.0
2025-07-18,lingxi_pitnorm,0.021451544948978715,0.005202446671021373,0.01624909827795734,0.2,0.0002,0.2,0.21194762498153707,0.0,0.0,1.0,0.0
2025-07-21,lingxi_pitnorm,0.013934719343401451,0.003265730294626535,0.010668989048774917,0.4,0.0004,0.2,-0.34270637291312767,0.0,0.0,1.0,0.0
2025-07-22,lingxi_pitnorm,0.001712356416212635,0.0023154010602748254,-0.0006030446440621904,0.30000000000000004,0.00030000000000000003,0.2,0.2853708884827597,0.0,0.0,1.0,0.0
2025-07-23,lingxi_pitnorm,-0.0037144355282452096,0.0027292075613774354,-0.006443643089622645,0.1,0.0001,0.2,-0.05580795303911046,0.0,0.0,1.0,0.0
2025-07-24,lingxi_pitnorm,-0.011113597209326273,-0.0032677205860949924,-0.00784587662323128,0.1,0.0001,0.2,0.09407802580500402,0.0,0.0,1.0,0.0
2025-07-25,lingxi_pitnorm,-0.00689587642942157,-0.003197991089070461,-0.003697885340351109,0.30000000000000004,0.00030000000000000003,0.2,0.1164346709139572,0.0,0.0,1.0,0.0
2025-07-28,lingxi_pitnorm,-0.004505805786971059,-0.0027826505579462758,-0.0017231552290247836,0.2,0.0002,0.2,0.14598347671654466,0.0,0.0,1.0,0.0
2025-07-29,lingxi_pitnorm,0.0009548903843508329,-0.002230226592401407,0.00318511697675224,0.2,0.0002,0.2,0.38466220772757254,0.0,0.0,1.0,0.0
2025-07-30,lingxi_pitnorm,0.00045889338490427776,-0.0013318255560619654,0.001790718940966243,0.2,0.0002,0.2,0.4199010554374354,0.0,0.0,1.0,0.0
2025-07-31,lingxi_pitnorm,0.004436541427300618,0.0024322006625097795,0.0020043407647908386,0.2,0.0002,0.4,1.161941738456445,0.0,0.0,1.0,0.0
2025-08-01,lingxi_pitnorm,0.003983533159032373,0.0029265633549988004,0.0010569698040335728,0.4,0.0004,0.4,0.9392521274950418,0.0,0.0,1.0,0.0
2025-08-04,lingxi_pitnorm,0.003761677367049226,0.003201541902664722,0.0005601354643845037,0.30000000000000004,0.00030000000000000003,0.4,0.5397414016128792,0.0,0.0,1.0,0.0
2025-08-05,lingxi_pitnorm,0.005038760139221352,0.0022915065124637377,0.0027472536267576144,0.1,0.0001,0.30000000000000004,0.573748180315711,0.0,0.0,1.0,0.0
2025-08-06,lingxi_pitnorm,0.013563244666793024,0.0028623244624442273,0.010700920204348797,0.30000000000000004,0.00030000000000000003,0.30000000000000004,0.6359035024204758,0.0,0.0,1.0,0.0
2025-08-07,lingxi_pitnorm,0.011709376363396501,0.0016826562319806125,0.010026720131415888,0.1,0.0001,0.30000000000000004,0.704540099930469,0.0,0.0,1.0,0.0
2025-08-08,lingxi_pitnorm,0.011073707077781303,0.0041303866695800735,0.006943320408201229,0.2,0.0002,0.30000000000000004,0.7367527497884794,0.0,0.0,1.0,0.0
2025-08-11,lingxi_pitnorm,0.012595214426551192,0.005162270910667858,0.007432943515883334,0.2,0.0002,0.4,0.9618778702139039,0.0,0.0,1.0,0.0
2025-08-12,lingxi_pitnorm,0.005909508481414568,0.0040403010509759965,0.0018692074304385714,0.4,0.0004,0.30000000000000004,0.6573630404827107,0.0,0.0,1.0,0.0
2025-08-13,lingxi_pitnorm,0.022862876334953323,0.0050677950234039775,0.017795081311549346,0.4,0.0004,0.30000000000000004,0.3963916708285069,0.0,0.0,1.0,0.0
2025-08-14,lingxi_pitnorm,0.017929299886140917,0.007078150088489557,0.010851149797651359,0.1,0.0001,0.30000000000000004,0.47216570190779805,0.0,0.0,1.0,0.0
2025-08-15,lingxi_pitnorm,0.015403230878301031,0.008590090034419804,0.0068131408438812276,0.4,0.0004,0.30000000000000004,0.38828365804323894,0.0,0.0,1.0,0.0
2025-08-18,lingxi_pitnorm,0.013851125819210422,0.01031705195902062,0.0035340738601898018,0.2,0.0002,0.30000000000000004,0.5995243972815842,0.0,0.0,1.0,0.0
2025-08-19,lingxi_pitnorm,0.01876893867577208,0.010617985165230253,0.008150953510541827,0.0,0.0,0.30000000000000004,0.5950373550546182,0.0,0.0,1.0,0.0
2025-08-20,lingxi_pitnorm,0.014399748156767955,0.0046890012222961675,0.009710746934471787,0.30000000000000004,0.00030000000000000003,0.30000000000000004,0.4049194775844427,0.0,0.0,1.0,0.0
2025-08-21,lingxi_pitnorm,0.023748699106995442,0.007197691786515198,0.016551007320480246,0.30000000000000004,0.00030000000000000003,0.4,0.08704625925411236,0.0,0.0,1.0,0.0
2025-08-22,lingxi_pitnorm,0.017531133647712485,0.004449380556485654,0.013081753091226831,0.2,0.0002,0.30000000000000004,0.17988537230971957,0.0,0.0,1.0,0.0
2025-08-25,lingxi_pitnorm,0.013897553982797461,0.0018489609888157968,0.012048592993981665,0.2,0.0002,0.30000000000000004,0.41944763849915745,0.0,0.0,1.0,0.0
2025-08-26,lingxi_pitnorm,-0.0015353949872601346,-0.00034794852478101486,-0.0011874464624791197,0.2,0.0002,0.30000000000000004,0.29300448050812733,0.0,0.0,1.0,0.0
2025-08-27,lingxi_pitnorm,-0.004206122387406212,0.001008881476610698,-0.005215003864016909,0.2,0.0002,0.30000000000000004,0.3394824398239571,0.0,0.0,1.0,0.0
2025-08-28,lingxi_pitnorm,-0.004725966362741971,-0.005424121810582784,0.0006981554478408128,0.2,0.0002,0.30000000000000004,0.3141355182485128,0.0,0.0,1.0,0.0
2025-08-29,lingxi_pitnorm,-0.0008555685737797192,-0.002373056989739583,0.0015174884159598638,0.0,0.0,0.30000000000000004,0.3226168281779067,0.0,0.0,1.0,0.0
2025-09-01,lingxi_pitnorm,0.004317410089148176,-0.002015589487895239,0.0063329995770434145,0.2,0.0002,0.2,0.2939158177592809,0.0,0.0,1.0,0.0
2025-09-02,lingxi_pitnorm,-0.0008136000615202075,-0.0012387137596372056,0.0004251136981169981,0.2,0.0002,0.2,0.1286139756051945,0.0,0.0,1.0,0.0
2025-09-03,lingxi_pitnorm,-0.005965005368840496,0.0006241848391577189,-0.006589190207998215,0.4,0.0004,0.2,-0.08492940146885175,0.0,0.0,1.0,0.0
2025-09-04,lingxi_pitnorm,0.009043610392933984,0.008247348603250753,0.0007962617896832315,0.4,0.0004,0.1,-0.35606503042268756,0.0,0.0,1.0,0.0
2025-09-05,lingxi_pitnorm,0.0022871954617037617,0.0029333944514747367,-0.000646198989770975,0.2,0.0002,0.2,-0.3776399481252106,0.0,0.0,1.0,0.0
2025-09-08,lingxi_pitnorm,0.006382812564621414,0.0017181843698627626,0.004664628194758651,0.4,0.0004,0.1,-0.4347847570180914,0.0,0.0,1.0,0.0
2025-09-09,lingxi_pitnorm,0.005909532576121279,0.0030919728095562104,0.0028175597665650682,0.1,0.0001,0.1,-0.360017261340591,0.0,0.0,1.0,0.0
2025-09-10,lingxi_pitnorm,0.014395884214533583,0.004289275498825772,0.010106608715707812,0.2,0.0002,0.2,-0.3432860054529634,0.0,0.0,1.0,0.0
2025-09-11,lingxi_pitnorm,0.010832941609325911,-0.0019734922166462364,0.012806433825972147,0.1,0.0001,0.2,-0.3499554718833302,0.0,0.0,1.0,0.0
2025-09-12,lingxi_pitnorm,0.004832756615740315,-0.0008255772030783447,0.00565833381881866,0.2,0.0002,0.2,-0.12767897091573488,0.0,0.0,1.0,0.0
2025-09-15,lingxi_pitnorm,0.003297720984076087,-0.0008159689273669963,0.004113689911443084,0.2,0.0002,0.2,-0.11221398604929433,0.0,0.0,1.0,0.0
2025-09-16,lingxi_pitnorm,0.00495104780055889,-0.0012667914334896085,0.006217839234048499,0.30000000000000004,0.00030000000000000003,0.2,-0.24635623887737879,0.0,0.0,1.0,0.0
2025-09-17,lingxi_pitnorm,0.008196500477689198,-0.0005750706651414127,0.00877157114283061,0.1,0.0001,0.1,-0.2962318089296829,0.0,0.0,1.0,0.0
2025-09-18,lingxi_pitnorm,0.0029277543141039454,0.0022229491667224827,0.0007048051473814627,0.2,0.0002,0.2,-0.18594363105657408,0.0,0.0,1.0,0.0
2025-09-19,lingxi_pitnorm,0.009614767373766124,0.0009860237003453053,0.008628743673420819,0.2,0.0002,0.2,0.011308103694009475,0.0,0.0,1.0,0.0
2025-09-22,lingxi_pitnorm,0.014119807995577004,0.0034933621754922677,0.010626445820084736,0.2,0.0002,0.2,-0.1512644447809528,0.0,0.0,1.0,0.0
2025-09-23,lingxi_pitnorm,0.011803592661495728,0.0054278827249353056,0.006375709936560422,0.2,0.0002,0.2,-0.27548786102569167,0.0,0.0,1.0,0.0
2025-09-24,lingxi_pitnorm,0.013235608534216368,0.006822995247750016,0.0064126132864663525,0.1,0.0001,0.2,-0.18829669194183296,0.0,0.0,1.0,0.0
2025-09-25,lingxi_pitnorm,0.0028491909382731342,0.0037553123896839256,-0.0009061214514107913,0.4,0.0004,0.2,0.2126161797755941,0.0,0.0,1.0,0.0
2025-09-26,lingxi_pitnorm,0.006894948258758454,0.0038454131345847485,0.003049535124173705,0.2,0.0002,0.2,0.6063827686908887,0.0,0.0,1.0,0.0
2025-09-29,lingxi_pitnorm,-0.008332811884380323,-0.0006344284558707632,-0.00769838342850956,0.2,0.0002,0.1,0.09487417425973277,0.0,0.0,1.0,0.0
2025-09-30,lingxi_pitnorm,-0.007026748312904558,0.0002904770296636531,-0.007317225342568212,0.2,0.0002,0.1,0.05612987441629613,0.0,0.0,1.0,0.0
2025-10-09,lingxi_pitnorm,-0.013811597911896017,-0.0029446201921317907,-0.010866977719764227,0.30000000000000004,0.00030000000000000003,0.2,-0.11194017128001121,0.0,0.0,1.0,0.0
2025-10-10,lingxi_pitnorm,-0.007810736225430907,-0.005054879628836661,-0.0027558565965942463,0.2,0.0002,0.1,-0.2177619313706174,0.0,0.0,1.0,0.0
2025-10-13,lingxi_pitnorm,-0.010630722050496895,-0.0033228514188789193,-0.007307870631617976,0.2,0.0002,0.2,-0.15038794976004155,0.0,0.0,1.0,0.0
2025-10-14,lingxi_pitnorm,5.022270261658947e-05,0.0005596212792410625,-0.0005093985766244731,0.4,0.0004,0.1,0.2435037057123779,0.0,0.0,1.0,0.0
2025-10-15,lingxi_pitnorm,-0.005086044928249296,-0.0025401487987080883,-0.0025458961295412074,0.2,0.0002,0.2,0.002605175305973262,0.0,0.0,1.0,0.0
2025-10-16,lingxi_pitnorm,-0.0025656966442246373,-0.0017309716677847138,-0.0008347249764399235,0.30000000000000004,0.00030000000000000003,0.2,0.20275196031448672,0.0,0.0,1.0,0.0
2025-10-17,lingxi_pitnorm,0.005426310979338125,0.00447643859953958,0.0009498723797985442,0.4,0.0004,0.30000000000000004,0.4367121649749315,0.0,0.0,1.0,0.0
2025-10-20,lingxi_pitnorm,0.0035180213028672843,0.005900937451437728,-0.0023829161485704434,0.2,0.0002,0.4,0.29425922859669384,0.0,0.0,1.0,0.0
2025-10-21,lingxi_pitnorm,0.0027246321401897624,0.002506471964118813,0.00021816017607094928,0.2,0.0002,0.30000000000000004,-0.08722169580667227,0.0,0.0,1.0,0.0
2025-10-22,lingxi_pitnorm,0.0022830907231086166,0.00610023232693097,-0.0038171416038223533,0.5,0.0005,0.5,0.3022379974555065,0.0,0.0,1.0,0.0
2025-10-23,lingxi_pitnorm,-0.0006953325559141563,0.004029971669233887,-0.004725304225148044,0.30000000000000004,0.00030000000000000003,0.4,0.22402985254121788,0.0,0.0,1.0,0.0
2025-10-24,lingxi_pitnorm,-0.003057451970612528,0.00031387134945535015,-0.0033713233200678783,0.2,0.0002,0.5,0.11381391841622346,0.0,0.0,1.0,0.0
2025-10-27,lingxi_pitnorm,0.0007431143767575503,-0.0011589996563863734,0.0019021140331439237,0.4,0.0004,0.2,0.019917274678597607,0.0,0.0,1.0,0.0
2025-10-28,lingxi_pitnorm,0.00593758683158663,-0.0018077906772040824,0.007745377508790712,0.30000000000000004,0.00030000000000000003,0.2,-0.17590187532638168,0.0,0.0,1.0,0.0
2025-10-29,lingxi_pitnorm,0.005352566268106378,-0.003989183120435276,0.009341749388541654,0.30000000000000004,0.00030000000000000003,0.1,0.03385908099608059,0.0,0.0,1.0,0.0
2025-10-30,lingxi_pitnorm,0.007429923282740148,-0.0003600664434088888,0.0077899897261490365,0.30000000000000004,0.00030000000000000003,0.2,-0.06764881286535385,0.0,0.0,1.0,0.0
2025-10-31,lingxi_pitnorm,0.006174740989112451,0.0015010057813612794,0.004673735207751172,0.2,0.0002,0.2,0.3536536904521057,0.0,0.0,1.0,0.0
2025-11-03,lingxi_pitnorm,0.005895491844444203,0.0021812613774211667,0.0037142304670230364,0.30000000000000004,0.00030000000000000003,0.2,-0.054635732988799646,0.0,0.0,1.0,0.0
2025-11-04,lingxi_pitnorm,0.007409626410164712,0.0023674160689859764,0.0050422103411787355,0.30000000000000004,0.00030000000000000003,0.2,-0.12001922732403258,0.0,0.0,1.0,0.0
2025-11-05,lingxi_pitnorm,0.0025707114553565336,0.0011096688915786376,0.001461042563777896,0.4,0.0004,0.2,-0.15647270794110213,0.0,0.0,1.0,0.0
2025-11-06,lingxi_pitnorm,0.0017780471873634807,0.0003498184734127353,0.0014282287139507454,0.2,0.0002,0.2,-0.2738065350644838,0.0,0.0,1.0,0.0
2025-11-07,lingxi_pitnorm,-0.0025562733645422032,-0.0021039204979230977,-0.0004523528666191055,0.4,0.0004,0.1,-0.2474144500853548,0.0,0.0,1.0,0.0
2025-11-10,lingxi_pitnorm,-0.005965018753148602,-0.0048205090607896925,-0.00114450969235891,0.2,0.0002,0.1,-0.31710806228833377,0.0,0.0,1.0,0.0
2025-11-11,lingxi_pitnorm,-0.010110237394545023,-0.0048095463061275405,-0.005300691088417482,0.0,0.0,0.1,-0.30286119607438877,0.0,0.0,1.0,0.0
2025-11-12,lingxi_pitnorm,-0.004105758526483827,-0.0036413504895746714,-0.0004644080369091558,0.1,0.0001,0.1,-0.35550669952489855,0.0,0.0,1.0,0.0
2025-11-13,lingxi_pitnorm,-0.007390753009212994,-0.006092362693615968,-0.001298390315597026,0.2,0.0002,0.2,-0.4915616086319261,0.0,0.0,1.0,0.0
2025-11-14,lingxi_pitnorm,-0.009288906566221795,-0.00795750390067418,-0.0013314026655476142,0.1,0.0001,0.2,-0.4469069137491637,0.0,0.0,1.0,0.0
2025-11-17,lingxi_pitnorm,-0.00907670979239928,-0.006320824559353161,-0.0027558852330461193,0.1,0.0001,0.2,-0.5337427852660177,0.0,0.0,1.0,0.0
2025-11-18,lingxi_pitnorm,-0.007485341093639215,-0.0033236302664928553,-0.004161710827146359,0.2,0.0002,0.2,-0.5010055432314715,0.0,0.0,1.0,0.0
2025-11-19,lingxi_pitnorm,-0.0071791873377662655,-0.003344485312870809,-0.0038347020248954565,0.2,0.0002,0.2,-0.5130550786417878,0.0,0.0,1.0,0.0
2025-11-20,lingxi_pitnorm,-0.004371192619358874,-0.0023924531966307183,-0.001978739422728156,0.30000000000000004,0.00030000000000000003,0.1,-0.09604700454345405,0.0,0.0,1.0,0.0
2025-11-21,lingxi_pitnorm,0.0069653084987824215,0.0029982885564914857,0.003967019942290936,0.30000000000000004,0.00030000000000000003,0.2,-0.5139751892991136,0.0,0.0,1.0,0.0
2025-11-24,lingxi_pitnorm,0.0036013957499728003,0.005082487842680407,-0.001481092092707607,0.4,0.0004,0.1,-0.11716324699862568,0.0,0.0,1.0,0.0
2025-11-25,lingxi_pitnorm,0.0011007419914343245,0.002302814445905581,-0.0012020724544712564,0.30000000000000004,0.00030000000000000003,0.2,-0.3551090783375095,0.0,0.0,1.0,0.0
2025-11-26,lingxi_pitnorm,0.0011850679815428489,0.0013883557807984215,-0.00020328779925557266,0.2,0.0002,0.1,0.005879058764680423,0.0,0.0,1.0,0.0
2025-11-27,lingxi_pitnorm,-0.004308456269822943,0.0012970120229033016,-0.005605468292726245,0.1,0.0001,0.2,-0.02637022477677675,0.0,0.0,1.0,0.0
2025-11-28,lingxi_pitnorm,-0.0009340243826067194,0.002113564110857629,-0.0030475884934643488,0.2,0.0002,0.2,0.10608776364835393,0.0,0.0,1.0,0.0
2025-12-01,lingxi_pitnorm,-0.0015541249406072644,0.0005240673864112904,-0.002078192327018555,0.1,0.0001,0.2,0.11480703541498727,0.0,0.0,1.0,0.0
2025-12-02,lingxi_pitnorm,-0.0024838604017963137,6.419816562369221e-05,-0.002548058567420006,0.2,0.0002,0.2,-0.06382905174538678,0.0,0.0,1.0,0.0
2025-12-03,lingxi_pitnorm,0.0005221338258786259,0.0012988560433613292,-0.0007767222174827033,0.2,0.0002,0.2,0.19775929698577954,0.0,0.0,1.0,0.0
2025-12-04,lingxi_pitnorm,0.0007509166766818855,-0.0005920853723176566,0.001343002048999542,0.30000000000000004,0.00030000000000000003,0.2,-0.18235529379861504,0.0,0.0,1.0,0.0
2025-12-05,lingxi_pitnorm,0.0008967925667660916,-0.0006297418340374812,0.0015265344008035728,0.2,0.0002,0.2,-0.26387638205373776,0.0,0.0,1.0,0.0
2025-12-08,lingxi_pitnorm,0.0001766810985886026,-0.002355624340980467,0.00253230543956907,0.1,0.0001,0.2,-0.1778996408238065,0.0,0.0,1.0,0.0
2025-12-09,lingxi_pitnorm,0.0017469450135709885,-0.0026935988751774238,0.0044405438887484125,0.1,0.0001,0.2,-0.14012467000330986,0.0,0.0,1.0,0.0
2025-12-10,lingxi_pitnorm,0.005190269531907231,-0.0003032643741099143,0.005493533906017145,0.2,0.0002,0.2,-0.36013746922856527,0.0,0.0,1.0,0.0
2025-12-11,lingxi_pitnorm,0.002019649707265494,0.0008504085582133807,0.0011692411490521134,0.2,0.0002,0.2,-0.22201223668571402,0.0,0.0,1.0,0.0
2025-12-12,lingxi_pitnorm,0.00343334566896484,0.0004914403353500566,0.0029419053336147832,0.30000000000000004,0.00030000000000000003,0.2,-0.12698816834600635,0.0,0.0,1.0,0.0
2025-12-15,lingxi_pitnorm,0.004590657121424558,0.002839725099357175,0.0017509320220673828,0.0,0.0,0.2,-0.12263271255903163,0.0,0.0,1.0,0.0
2025-12-16,lingxi_pitnorm,0.0031634616784402313,0.0045977958613406325,-0.0014343341829004012,0.1,0.0001,0.2,-0.30979287263769706,0.0,0.0,1.0,0.0
2025-12-17,lingxi_pitnorm,0.0010886510497979307,0.00245816442943086,-0.0013695133796329292,0.1,0.0001,0.2,-0.30426216884798407,0.0,0.0,1.0,0.0
2025-12-18,lingxi_pitnorm,0.004386834725006043,0.0036541108833507375,0.0007327238416553056,0.1,0.0001,0.2,-0.1841865393068325,0.0,0.0,1.0,0.0
2025-12-19,lingxi_pitnorm,0.004642881676919441,0.0031397629145682704,0.0015031187623511708,0.0,0.0,0.2,-0.1761073635527417,0.0,0.0,1.0,0.0
2025-12-22,lingxi_pitnorm,0.0056295992005156135,0.0010554086643290279,0.004574190536186585,0.1,0.0001,0.1,-0.17927727833396645,0.0,0.0,1.0,0.0
2025-12-23,lingxi_pitnorm,0.012182890334971417,0.0017860927969039898,0.010396797538067427,0.0,0.0,0.1,-0.18322645568742146,0.0,0.0,1.0,0.0
2025-12-24,lingxi_pitnorm,0.012393675131762788,0.0005591207463392191,0.011834554385423569,0.1,0.0001,0.1,-0.05171643703292261,0.0,0.0,1.0,0.0
2025-12-25,lingxi_pitnorm,0.013479909577569402,0.002864153601204117,0.010615755976365285,0.2,0.0002,0.1,-0.03970534993230501,0.0,0.0,1.0,0.0
2025-12-26,lingxi_pitnorm,0.016770486232881382,0.005717411698787327,0.011053074534094055,0.30000000000000004,0.00030000000000000003,0.2,-0.0930548673594096,0.0,0.0,1.0,0.0
2025-12-29,lingxi_pitnorm,0.01288797663853444,0.00611288771818198,0.0067750889203524595,0.2,0.0002,0.1,0.06661626159569778,0.0,0.0,1.0,0.0
2025-12-30,lingxi_pitnorm,0.009634446362988212,0.005358893641861458,0.004275552721126754,0.30000000000000004,0.00030000000000000003,0.1,-0.054807173654555896,0.0,0.0,1.0,0.0
2025-12-31,lingxi_pitnorm,0.010803336399853397,0.007035855020725452,0.003767481379127945,0.1,0.0001,0.1,0.09611975820291008,0.0,0.0,1.0,0.0
2026-01-05,lingxi_pitnorm,0.010191355499691657,0.006223133085063758,0.003968222414627899,0.2,0.0002,0.1,0.4491189387173229,0.0,0.0,1.0,0.0
2026-01-06,lingxi_pitnorm,0.004552939160145968,0.001438891944071259,0.0031140472160747093,0.2,0.0002,0.2,0.465299363960213,0.0,0.0,1.0,0.0
2026-01-07,lingxi_pitnorm,0.0020249659522178125,0.0010909098258447658,0.0009340561263730467,0.30000000000000004,0.00030000000000000003,0.1,0.2741982852568938,0.0,0.0,1.0,0.0
2026-01-08,lingxi_pitnorm,-0.00220346900492278,0.0011086472917516501,-0.00331211629667443,0.2,0.0002,0.2,0.06339128509258529,0.0,0.0,1.0,0.0
2026-01-09,lingxi_pitnorm,-0.00566966113028288,-0.0007762612572583193,-0.004893399873024561,0.2,0.0002,0.2,0.18551433765975744,0.0,0.0,1.0,0.0
2026-01-12,lingxi_pitnorm,-0.008761211221805173,-0.0018107678213307985,-0.006950443400474375,0.1,0.0001,0.2,0.1868776280725335,0.0,0.0,1.0,0.0
2026-01-13,lingxi_pitnorm,-0.001340924680532791,-0.0003273329053769289,-0.0010135917751558621,0.30000000000000004,0.00030000000000000003,0.2,-0.062092828372442455,0.0,0.0,1.0,0.0
2026-01-14,lingxi_pitnorm,0.0007823733348190843,0.00022827554314175713,0.0005540977916773271,0.2,0.0002,0.1,0.1858687303245503,0.0,0.0,1.0,0.0
2026-01-15,lingxi_pitnorm,0.002307448153001006,0.0008370141700684529,0.0014704339829325532,0.2,0.0002,0.1,0.12089522712113876,0.0,0.0,1.0,0.0
2026-01-16,lingxi_pitnorm,0.005460515784454534,0.0017279896272880267,0.0037325261571665076,0.30000000000000004,0.00030000000000000003,0.2,0.0494368376904184,0.0,0.0,1.0,0.0
2026-01-19,lingxi_pitnorm,0.0024452285195207166,0.0010870224838462083,0.0013582060356745083,0.2,0.0002,0.2,0.10814425919419435,0.0,0.0,1.0,0.0
2026-01-20,lingxi_pitnorm,-0.002493672723142122,-0.00012961852445112306,-0.002364054198690999,0.2,0.0002,0.2,0.30261036094976745,0.0,0.0,1.0,0.0
2026-01-21,lingxi_pitnorm,0.00043096618307524774,0.0006909647560114884,-0.00025999857293624066,0.2,0.0002,0.1,0.4034249028819126,0.0,0.0,1.0,0.0
2026-01-22,lingxi_pitnorm,-0.0005091531980388028,0.0016254366936601268,-0.0021345898916989296,0.30000000000000004,0.00030000000000000003,0.2,0.706286332237692,0.0,0.0,1.0,0.0
2026-01-23,lingxi_pitnorm,-0.00172146309515812,-0.0014039391564016057,-0.00031752393875651426,0.30000000000000004,0.00030000000000000003,0.1,0.522263890212372,0.0,0.0,1.0,0.0
2026-01-26,lingxi_pitnorm,-0.004422268103359019,-0.006016864287582533,0.0015945961842235134,0.30000000000000004,0.00030000000000000003,0.2,0.25963849131898087,0.0,0.0,1.0,0.0
2026-01-27,lingxi_pitnorm,0.0016414604774460239,-0.002216000159624513,0.003857460637070537,0.2,0.0002,0.2,-0.16113021821625395,0.0,0.0,1.0,0.0
2026-01-28,lingxi_pitnorm,0.0030304494334967226,-0.00023335668188288603,0.003263806115379609,0.30000000000000004,0.00030000000000000003,0.2,-0.14918078470779506,0.0,0.0,1.0,0.0
2026-01-29,lingxi_pitnorm,0.0006932943744411891,-0.0024716817125717385,0.0031649760870129276,0.1,0.0001,0.2,-0.17111195710589655,0.0,0.0,1.0,0.0
2026-01-30,lingxi_pitnorm,0.00804874713211507,-0.0006198227827235003,0.00866856991483857,0.2,0.0002,0.2,-0.2268704152873049,0.0,0.0,1.0,0.0
2026-02-02,lingxi_pitnorm,0.009259338397397027,0.006298334680475079,0.0029610037169219483,0.2,0.0002,0.2,0.2754954701206458,0.0,0.0,1.0,0.0
2026-02-03,lingxi_pitnorm,0.005418251196711797,0.0037721939783880434,0.0016460572183237534,0.4,0.0004,0.2,-0.004081282978390277,0.0,0.0,1.0,0.0
2026-02-04,lingxi_pitnorm,0.0006058253754187226,0.0014335916873563232,-0.0008277663119376006,0.1,0.0001,0.30000000000000004,-0.04996602233701708,0.0,0.0,1.0,0.0
2026-02-05,lingxi_pitnorm,0.003100852841258246,0.0026104069369407147,0.0004904459043175314,0.2,0.0002,0.2,-0.18245306475021295,0.0,0.0,1.0,0.0
2026-02-06,lingxi_pitnorm,-0.0011387348915492888,0.0007580746124759141,-0.0018968095040252028,0.2,0.0002,0.2,-0.08034242014334936,0.0,0.0,1.0,0.0
2026-02-09,lingxi_pitnorm,0.003372596838540343,0.0005525155779259085,0.0028200812606144344,0.2,0.0002,0.2,-0.17682583283407638,0.0,0.0,1.0,0.0
2026-02-10,lingxi_pitnorm,-4.843234417041027e-05,0.0011310511134198242,-0.0011794834575902344,0.2,0.0002,0.2,0.10561494458174536,0.0,0.0,1.0,0.0
2026-02-11,lingxi_pitnorm,0.005425701294595666,0.00116788223773242,0.004257819056863246,0.30000000000000004,0.00030000000000000003,0.30000000000000004,-0.10212834131588622,0.0,0.0,1.0,0.0
2026-02-12,lingxi_pitnorm,0.006171439318457242,0.0013284227836919944,0.004843016534765248,0.30000000000000004,0.00030000000000000003,0.2,-0.07266720400912874,0.0,0.0,1.0,0.0
2026-02-13,lingxi_pitnorm,0.011863576942671787,0.004530561344147659,0.007333015598524128,0.1,0.0001,0.30000000000000004,-0.20598353282201032,0.0,0.0,1.0,0.0
2026-02-24,lingxi_pitnorm,0.0010954391571006486,-0.0008466438118666763,0.001942082968967325,0.30000000000000004,0.00030000000000000003,0.30000000000000004,0.17703317654224193,0.0,0.0,1.0,0.0
2026-02-25,lingxi_pitnorm,0.009613038735023057,-0.004015856851141398,0.013628895586164456,0.4,0.0004,0.30000000000000004,-0.13889176657415092,0.0,0.0,1.0,0.0
2026-02-26,lingxi_pitnorm,0.004391643812255697,-0.0027714302356427046,0.0071630740478984024,0.2,0.0002,0.30000000000000004,-0.02777747562897659,0.0,0.0,1.0,0.0
2026-02-27,lingxi_pitnorm,0.003591981088588514,-0.001869255101150423,0.005461236189738937,0.2,0.0002,0.30000000000000004,-0.07858843354244982,0.0,0.0,1.0,0.0
2026-03-02,lingxi_pitnorm,-0.005788407538208828,-0.004006892039317495,-0.0017815154988913328,0.2,0.0002,0.2,0.20558657153665294,0.0,0.0,1.0,0.0
2026-03-03,lingxi_pitnorm,-0.0020530813456804027,0.0008873682302331027,-0.0029404495759135056,0.1,0.0001,0.2,0.23830249536609927,0.0,0.0,1.0,0.0
2026-03-04,lingxi_pitnorm,0.010370789460550084,0.004448883435811143,0.005921906024738941,0.4,0.0004,0.2,0.15352567996166044,0.0,0.0,1.0,0.0
2026-03-05,lingxi_pitnorm,0.018368279771429206,0.00295984124645844,0.015408438524970767,0.30000000000000004,0.00030000000000000003,0.1,-0.08051369054033941,0.0,0.0,1.0,0.0
2026-03-06,lingxi_pitnorm,0.015512736577799077,0.0003385787817410022,0.015174157796058074,0.4,0.0004,0.2,0.08243387047834716,0.0,0.0,1.0,0.0
2026-03-09,lingxi_pitnorm,0.010823465057261032,0.0012100297795999697,0.009613435277661063,0.1,0.0001,0.1,0.021158041238546588,0.0,0.0,1.0,0.0
2026-03-10,lingxi_pitnorm,0.003227729423648716,-0.002225124936258571,0.005452854359907286,0.30000000000000004,0.00030000000000000003,0.1,0.4196073526776871,0.0,0.0,1.0,0.0
2026-03-11,lingxi_pitnorm,-0.004063695461694434,-0.0032383871406873378,-0.0008253083210070966,0.2,0.0002,0.2,0.17021158724475072,0.0,0.0,1.0,0.0
2026-03-12,lingxi_pitnorm,-0.006292124267730725,-0.006306833074911082,1.4708807180356838e-05,0.1,0.0001,0.2,0.17318569729425803,0.0,0.0,1.0,0.0
2026-03-13,lingxi_pitnorm,-0.012493814634876995,-0.006739236920328638,-0.005754577714548357,0.2,0.0002,0.2,0.4034570374806208,0.0,0.0,1.0,0.0
2026-03-16,lingxi_pitnorm,-0.013073618973565316,-0.012478341476972264,-0.0005952774965930514,0.30000000000000004,0.00030000000000000003,0.2,0.3137212900616717,0.0,0.0,1.0,0.0
2026-03-17,lingxi_pitnorm,-0.0025631129883267475,-0.008162836249641942,0.005599723261315194,0.30000000000000004,0.00030000000000000003,0.2,0.32384519553323443,0.0,0.0,1.0,0.0
2026-03-18,lingxi_pitnorm,-0.0004451108729325679,-0.006215594524937629,0.005770483652005061,0.2,0.0002,0.2,-0.000790065645279725,0.0,0.0,1.0,0.0
2026-03-19,lingxi_pitnorm,-0.002776645023281787,-0.005657247848204424,0.002880602824922637,0.30000000000000004,0.00030000000000000003,0.2,-0.09646066163186262,0.0,0.0,1.0,0.0
2026-03-20,lingxi_pitnorm,-0.0018524732795650765,-0.0028588577429649194,0.001006384463399843,0.2,0.0002,0.2,-0.12221638906284227,0.0,0.0,1.0,0.0
2026-03-23,lingxi_pitnorm,7.789608975347997e-05,0.003551331820017877,-0.003473435730264397,0.30000000000000004,0.00030000000000000003,0.30000000000000004,0.5306723581378101,0.0,0.0,1.0,0.0
2026-03-24,lingxi_pitnorm,-0.007273936837728116,-0.0015703172239781879,-0.005703619613749928,0.0,0.0,0.30000000000000004,0.5252720132309925,0.0,0.0,1.0,0.0
2026-03-25,lingxi_pitnorm,-0.0015993850452852018,-0.0011258500406617137,-0.0004735350046234882,0.2,0.0002,0.2,0.17084376098109644,0.0,0.0,1.0,0.0
2026-03-26,lingxi_pitnorm,-0.0032564442496777236,-3.0730062026652816e-06,-0.0032533712434750584,0.2,0.0002,0.2,-0.18871231506874508,0.0,0.0,1.0,0.0
2026-03-27,lingxi_pitnorm,-0.002714983391840864,-0.003435893660224911,0.0007209102683840471,0.2,0.0002,0.2,-0.24626018792811877,0.0,0.0,1.0,0.0
2026-03-30,lingxi_pitnorm,-0.0013827655808330295,-0.00287249595198108,0.0014897303711480505,0.30000000000000004,0.00030000000000000003,0.2,-0.3764781785598803,0.0,0.0,1.0,0.0
2026-03-31,lingxi_pitnorm,0.007537474494073837,0.005349864509538689,0.002187609984535148,0.2,0.0002,0.2,-0.2862781549163671,0.0,0.0,1.0,0.0
2026-04-01,lingxi_pitnorm,0.004547019015223416,0.0005030401250614238,0.004043978890161992,0.2,0.0002,0.2,-0.10274890459357877,0.0,0.0,1.0,0.0
2026-04-02,lingxi_pitnorm,0.008145834651024952,0.004440364398980744,0.003705470252044208,0.2,0.0002,0.2,-0.20600369758590276,0.0,0.0,1.0,0.0
2026-04-03,lingxi_pitnorm,0.013368051390044955,0.006891968103893799,0.006476083286151156,0.30000000000000004,0.00030000000000000003,0.2,-0.0341199945303714,0.0,0.0,1.0,0.0
2026-04-07,lingxi_pitnorm,0.012072747985512153,0.008533179752846638,0.003539568232665515,0.1,0.0001,0.2,0.2619496198454456,0.0,0.0,1.0,0.0
2026-04-08,lingxi_pitnorm,0.009266001879391311,0.0013634397220326137,0.007902562157358697,0.30000000000000004,0.00030000000000000003,0.2,0.2003870216409993,0.0,0.0,1.0,0.0
2026-04-09,lingxi_pitnorm,0.012562247190624987,0.0044970831716942255,0.008065164018930761,0.0,0.0,0.2,0.2232266516589263,0.0,0.0,1.0,0.0
2026-04-10,lingxi_pitnorm,0.005212398833182843,0.0014499453590156772,0.003762453474167166,0.1,0.0001,0.2,0.10639221625027773,0.0,0.0,1.0,0.0
2026-04-13,lingxi_pitnorm,0.007278009302924937,0.002618931789932698,0.004659077512992239,0.1,0.0001,0.2,0.07632304083327313,0.0,0.0,1.0,0.0
2026-04-14,lingxi_pitnorm,0.006430470345626675,0.0009168800653162222,0.0055135902803104524,0.1,0.0001,0.2,0.005357255149895934,0.0,0.0,1.0,0.0
2026-04-15,lingxi_pitnorm,0.0160222453240507,0.0025909908503646177,0.013431254473686084,0.2,0.0002,0.2,-0.11828086290017126,0.0,0.0,1.0,0.0
2026-04-16,lingxi_pitnorm,0.0024392451516825103,0.0008969481198435478,0.0015422970318389627,0.30000000000000004,0.00030000000000000003,0.2,-0.215201830066043,0.0,0.0,1.0,0.0
2026-04-17,lingxi_pitnorm,0.005395006303232102,0.0011075948934491976,0.004287411409782904,0.2,0.0002,0.1,-0.4152961546491909,0.0,0.0,1.0,0.0
2026-04-20,lingxi_pitnorm,0.0024176821264621996,0.00016013497246192878,0.002257547154000271,0.2,0.0002,0.1,-0.39294833253478956,0.0,0.0,1.0,0.0
2026-04-21,lingxi_pitnorm,0.0009667212171227192,-8.600583772776135e-05,0.0010527270548504805,0.2,0.0002,0.1,-0.24776018851197534,0.0,0.0,1.0,0.0
2026-04-22,lingxi_pitnorm,0.002934527681975896,0.001008511355726558,0.001926016326249338,0.4,0.0004,0.2,-0.18787633140257753,0.0,0.0,1.0,0.0
2026-04-23,lingxi_pitnorm,-0.0008825641300207523,0.0009818429004480613,-0.0018644070304688135,1.0,0.001,0.9999999999999999,-0.019974890777078258,0.0,0.0,1.0,0.0
2026-04-24,lingxi_pitnorm,0.0051004778391086645,0.0037770456930298762,0.0013234321460787882,1.0,0.001,0.1,0.24382414805904418,0.0,0.0,1.0,0.0
2026-04-27,lingxi_pitnorm,0.0037719374222332093,0.003739573850301678,3.236357193153131e-05,0.2,0.0002,0.2,-0.02110349057967653,0.0,0.0,1.0,0.0
2026-04-28,lingxi_pitnorm,0.00040822271426005385,0.00365394814766098,-0.003245725433400926,0.30000000000000004,0.00030000000000000003,0.1,-0.19008134001681043,0.0,0.0,1.0,0.0
2026-04-29,lingxi_pitnorm,0.000948052839005438,0.004121101359428897,-0.0031730485204234586,0.5,0.0005,0.1,-0.17817964298306066,0.0,0.0,1.0,0.0
2026-04-30,lingxi_pitnorm,0.00028596051838618606,0.003585529101058191,-0.003299568582672005,0.4,0.0004,0.1,0.19852567263682275,0.0,0.0,1.0,0.0
2026-05-06,lingxi_pitnorm,-0.004166107620478769,0.0029604220283056828,-0.007126529648784451,0.30000000000000004,0.00030000000000000003,0.2,-0.3834365249245266,0.0,0.0,1.0,0.0
2026-05-07,lingxi_pitnorm,-0.0060947763939955355,-0.000847456661630777,-0.0052473197323647585,0.2,0.0002,0.2,-0.36969197761183636,0.0,0.0,1.0,0.0
2026-05-08,lingxi_pitnorm,-0.002220046618170066,-0.002454824064026826,0.00023477744585675975,0.30000000000000004,0.00030000000000000003,0.1,-0.6634116744687084,0.0,0.0,1.0,0.0
2026-05-11,lingxi_pitnorm,-0.005770802457518011,-0.005954640257929306,0.00018383780041129547,0.2,0.0002,0.2,-0.6345726890335754,0.0,0.0,1.0,0.0
2026-05-12,lingxi_pitnorm,-0.0025552342167419325,-0.0037514904388275365,0.001196256222085604,0.2,0.0002,0.2,-0.24216045439350253,0.0,0.0,1.0,0.0
2026-05-13,lingxi_pitnorm,-0.009137917290503584,-0.006210645873264828,-0.0029272714172387552,0.2,0.0002,0.2,-0.0637988857733518,0.0,0.0,1.0,0.0
2026-05-14,lingxi_pitnorm,-0.007440924202800328,-0.005370700841812899,-0.0020702233609874296,0.1,0.0001,0.2,-0.22656915684091672,0.0,0.0,1.0,0.0
2026-05-15,lingxi_pitnorm,-0.0037618820935706714,-0.002154872026180404,-0.0016070100673902673,0.1,0.0001,0.2,-0.19485759771619726,0.0,0.0,1.0,0.0
2026-05-18,lingxi_pitnorm,-0.0006709907602452357,0.0008512244123711932,-0.001522215172616429,0.2,0.0002,0.2,-0.04902153582629509,0.0,0.0,1.0,0.0
2026-05-19,lingxi_pitnorm,0.002428520934895708,0.00021769116139686912,0.002210829773498839,0.2,0.0002,0.2,-0.33786797435069715,0.0,0.0,1.0,0.0
2026-05-20,lingxi_pitnorm,0.005759526316499263,-0.0007027582964442031,0.0064622846129434655,0.2,0.0002,0.2,-0.3124494355583636,0.0,0.0,1.0,0.0
2026-05-21,lingxi_pitnorm,0.00434540610465386,0.0009665204314660877,0.003378885673187772,0.2,0.0002,0.2,-0.2923250684808636,0.0,0.0,1.0,0.0
2026-05-22,lingxi_pitnorm,-0.0008047444685935456,-0.0007606308043433557,-4.411366425018993e-05,0.1,0.0001,0.2,-0.20273648969551772,0.0,0.0,1.0,0.0
2026-05-25,lingxi_pitnorm,-0.0001311927703952141,-0.0019684497160592424,0.0018372569456640284,0.2,0.0002,0.2,-0.30031500721634785,0.0,0.0,1.0,0.0
2026-05-26,lingxi_pitnorm,-0.006466410497925967,-0.00230082926801936,-0.004165581229906607,0.2,0.0002,0.2,-0.14356094853374657,0.0,0.0,1.0,0.0
2026-05-27,lingxi_pitnorm,-0.006667160629544775,-0.0009567787450301291,-0.005710381884514646,0.1,0.0001,0.2,-0.0588996113973117,0.0,0.0,1.0,0.0
2026-05-28,lingxi_pitnorm,-0.0054319336730526266,-0.002169984402095125,-0.0032619492709575018,0.2,0.0002,0.2,0.25131487449353784,0.0,0.0,1.0,0.0
2026-05-29,lingxi_pitnorm,-0.0014375442964370587,-0.0034570660303733713,0.0020195217339363126,0.2,0.0002,0.2,0.14859334859372453,0.0,0.0,1.0,0.0
2026-06-01,lingxi_pitnorm,-0.005872643434782208,-0.00795517466549925,0.002082531230717042,0.1,0.0001,0.2,0.12054907584361985,0.0,0.0,1.0,0.0
2026-06-02,lingxi_pitnorm,-0.0052950584282618444,-0.006080080052382086,0.0007850216241202419,0.2,0.0002,0.2,0.004264143267253218,0.0,0.0,1.0,0.0
2026-06-03,lingxi_pitnorm,-0.006623075718657811,-0.007044792030517123,0.00042171631185931174,0.30000000000000004,0.00030000000000000003,0.30000000000000004,-0.06279644818432217,0.0,0.0,1.0,0.0
2026-06-04,lingxi_pitnorm,-0.0029124008105196977,-0.005648321867651279,0.0027359210571315817,0.2,0.0002,0.30000000000000004,-0.0005956053841735809,0.0,0.0,1.0,0.0
2026-06-05,lingxi_pitnorm,0.002489489895581536,-0.0010353643312829407,0.003524854226864477,0.4,0.0004,0.2,0.49943234293660055,0.0,0.0,1.0,0.0
2026-06-08,lingxi_pitnorm,0.008414099160658961,0.006099070871207042,0.0023150282894519193,0.1,0.0001,0.2,0.2862925202325144,0.0,0.0,1.0,0.0
2026-06-09,lingxi_pitnorm,0.00844090485148259,0.00227481981775218,0.00616608503373041,0.1,0.0001,0.2,0.43040020645160837,0.0,0.0,1.0,0.0
2026-06-10,lingxi_pitnorm,0.008562834240852484,0.004653351897713033,0.003909482343139451,0.2,0.0002,0.30000000000000004,0.33527159371833903,0.0,0.0,1.0,0.0
2026-06-11,lingxi_pitnorm,0.012687108118219003,0.003206287306624825,0.009480820811594178,0.2,0.0002,0.2,0.06587531989316986,0.0,0.0,1.0,0.0
