date,n,topk,gross_return,benchmark_return,active_return,net_return,net_active_return,turnover,cost,max_industry_weight,size_exposure
2023-01-03,40,5,0.009577517536730275,0.006168675270062455,0.0034088422666678202,0.009077517536730275,0.00290884226666782,0.5,0.0005,0.4,0.11608670763373397
2023-01-04,40,5,0.011873282550297234,0.0063945878236824575,0.005478694726614776,0.011473282550297234,0.005078694726614777,0.4,0.0004,0.4,0.07746784211016333
2023-01-05,40,5,0.011616497149288625,0.009605209181020835,0.0020112879682677894,0.011016497149288625,0.0014112879682677895,0.6000000000000001,0.0006000000000000001,0.4,-0.11040804851809938
2023-01-06,40,5,0.01652832369361051,0.00608008140339477,0.01044824229021574,0.01612832369361051,0.01004824229021574,0.4,0.0004,0.4,0.03786583306779079
2023-01-09,40,5,0.009787527588385806,0.005087218743960816,0.00470030884442499,0.009587527588385806,0.00450030884442499,0.2,0.0002,0.4,-0.3382428872610248
2023-01-10,40,5,0.005646781357749666,-1.6881912967489087e-05,0.005663663270717155,0.005246781357749666,0.0052636632707171544,0.4,0.0004,0.4,0.013306868790959214
2023-01-11,40,5,-0.001439413345244609,-0.0037644281126863453,0.0023250147674417363,-0.001639413345244609,0.002125014767441736,0.2,0.0002,0.4,-0.07509073467655014
2023-01-12,40,5,0.0018469910791533372,-0.0006518681970145402,0.0024988592761678776,0.001646991079153337,0.002298859276167877,0.2,0.0002,0.4,0.05446592646705639
2023-01-13,40,5,0.007472065176503162,0.0013931925510944493,0.006078872625408713,0.007472065176503162,0.006078872625408713,0.0,0.0,0.4,0.09755824649720068
2023-01-17,40,5,0.0032857526462060395,0.0020583248300680155,0.001227427816138024,0.0030857526462060394,0.001027427816138024,0.2,0.0002,0.4,-0.09649272454680613
2023-01-18,40,5,0.0056892324407699,0.005619156958010211,7.007548275968917e-05,0.0056892324407699,7.007548275968917e-05,0.0,0.0,0.4,-0.17798220040567614
2023-01-19,40,5,0.01122223773739321,0.00881931590604049,0.00240292183135272,0.01122223773739321,0.00240292183135272,0.0,0.0,0.4,-0.09453194758803107
2023-01-20,40,5,0.008085960835988778,0.004660152985292912,0.0034258078506958656,0.008085960835988778,0.0034258078506958656,0.0,0.0,0.4,-0.1187661049114972
2023-01-23,40,5,-0.0029680188182959013,-0.0010605111396785744,-0.001907507678617327,-0.0031680188182959014,-0.002107507678617327,0.2,0.0002,0.4,0.09129246882586273
2023-01-24,40,5,0.0016317225971575321,0.0012026367029241735,0.00042908589423335864,0.001431722597157532,0.00022908589423335855,0.2,0.0002,0.4,0.05172865274664318
2023-01-25,40,5,0.007620566326237181,0.004087911241980951,0.0035326550842562296,0.007420566326237181,0.00333265508425623,0.2,0.0002,0.2,-0.017719571258890454
2023-01-26,40,5,0.008419848314970054,0.005810592300947633,0.002609256014022421,0.008219848314970054,0.0024092560140224206,0.2,0.0002,0.4,-0.2767849671974929
2023-01-27,40,5,0.00975543358659345,0.003663044669484896,0.006092388917108554,0.00955543358659345,0.005892388917108553,0.2,0.0002,0.4,0.2165550620518637
2023-01-30,40,5,0.012456946653703619,0.005156875046504199,0.00730007160719942,0.012456946653703619,0.00730007160719942,0.0,0.0,0.4,0.18824661933680886
2023-01-31,40,5,0.007498836519616669,0.005202247042420548,0.002296589477196121,0.006898836519616669,0.0016965894771961212,0.6000000000000001,0.0006000000000000001,0.4,0.3093680524220055
2023-02-01,40,5,0.0005924109486574691,-0.00030117478886597935,0.0008935857375234485,0.00039241094865746914,0.0006935857375234485,0.2,0.0002,0.4,-0.0077591490954205256
2023-02-02,40,5,-0.0030526475395878496,-0.0049390691929840965,0.001886421653396247,-0.0034526475395878498,0.0014864216533962468,0.4,0.0004,0.4,0.09282946562490224
2023-02-03,40,5,-0.004187288219445251,-0.003363351869173729,-0.0008239363502715218,-0.004387288219445251,-0.0010239363502715215,0.2,0.0002,0.4,-0.25172020249971183
2023-02-06,40,5,0.0011760989712349536,0.0003753943113544317,0.0008007046598805219,0.0009760989712349536,0.0006007046598805218,0.2,0.0002,0.4,-0.1338925258337902
2023-02-07,40,5,-0.0006812729729607848,-0.001898136273496757,0.0012168633005359723,-0.0008812729729607847,0.0010168633005359722,0.2,0.0002,0.6000000000000001,0.4486443421771078
2023-02-08,40,5,0.0013218166649945485,0.0007909543817434455,0.000530862283251103,0.0013218166649945485,0.000530862283251103,0.0,0.0,0.6000000000000001,0.424713301905836
2023-02-09,40,5,-0.003857270278220355,-0.00019100421175676784,-0.0036662660664635873,-0.004057270278220355,-0.003866266066463587,0.2,0.0002,0.4,0.6068779100109332
2023-02-10,40,5,-0.0017437650534632356,-0.0005015939079855247,-0.0012421711454777109,-0.0017437650534632356,-0.0012421711454777109,0.0,0.0,0.4,0.6639238939116723
2023-02-13,40,5,-0.009404404086830742,-0.006913698931674895,-0.0024907051551558475,-0.009804404086830741,-0.002890705155155847,0.4,0.0004,0.4,-0.20341432682805305
2023-02-14,40,5,-0.009355855877407246,-0.007281162553401217,-0.0020746933240060285,-0.009955855877407245,-0.0026746933240060283,0.6000000000000001,0.0006000000000000001,0.4,0.4770924985929632
2023-02-15,40,5,-0.005745777611695884,-0.006617650459051302,0.0008718728473554186,-0.006145777611695884,0.0004718728473554184,0.4,0.0004,0.6000000000000001,0.505874548203245
2023-02-16,40,5,-0.0018375638616207012,-0.0061940196572313685,0.004356455795610667,-0.002237563861620701,0.003956455795610667,0.4,0.0004,0.4,0.4334341243446893
2023-02-17,40,5,0.0012130212575231969,-0.005489589728178936,0.006702610985702133,0.0010130212575231968,0.006502610985702133,0.2,0.0002,0.6000000000000001,0.7276728398133052
2023-02-21,40,5,0.008251296132573822,-0.001954309052868074,0.010205605185441896,0.008051296132573821,0.010005605185441895,0.2,0.0002,0.6000000000000001,0.4702979062008694
2023-02-22,40,5,0.004633078728192483,-0.0022569370250591935,0.006890015753251677,0.004433078728192484,0.006690015753251677,0.2,0.0002,0.6000000000000001,0.6192076316967139
2023-02-23,40,5,0.005637479168024236,-0.0007042359416898536,0.00634171510971409,0.005437479168024236,0.00614171510971409,0.2,0.0002,0.4,0.1637780965821598
2023-02-24,40,5,0.006417061698636903,0.004769518184662432,0.0016475435139744702,0.006217061698636903,0.0014475435139744705,0.2,0.0002,0.4,0.6607568132582671
2023-02-27,40,5,0.006685586944094305,0.005051968270082084,0.001633618674012221,0.006285586944094305,0.0012336186740122207,0.4,0.0004,0.4,0.6426866479059115
2023-02-28,40,5,0.009215691035322689,0.0026549997646488173,0.006560691270673872,0.00881569103532269,0.0061606912706738725,0.4,0.0004,0.4,0.18007909546469847
2023-03-01,40,5,0.007681945651873523,0.004024278187083721,0.003657667464789802,0.007281945651873523,0.003257667464789802,0.4,0.0004,0.2,0.2680865043720253
2023-03-02,40,5,0.0037714563382863367,-0.001540944750146711,0.005312401088433048,0.0035714563382863366,0.005112401088433048,0.2,0.0002,0.4,0.20507263991777336
2023-03-03,40,5,-0.0013466047397789316,-0.006558346397006283,0.005211741657227351,-0.0015466047397789317,0.005011741657227352,0.2,0.0002,0.2,0.35191681217013837
2023-03-06,40,5,-0.003743688614609777,-0.0070914218773412046,0.0033477332627314276,-0.004143688614609777,0.002947733262731428,0.4,0.0004,0.4,0.23614801889126014
2023-03-07,40,5,0.003790901389346746,-0.0010197364834630268,0.004810637872809773,0.003590901389346746,0.004610637872809773,0.2,0.0002,0.6000000000000001,0.5701405077197208
2023-03-08,40,5,0.0029027963622236938,-0.001517075518742062,0.004419871880965756,0.0025027963622236936,0.004019871880965756,0.4,0.0004,0.4,-0.05797978576481455
2023-03-09,40,5,0.012177085334255917,0.005405220963252318,0.006771864371003599,0.011977085334255917,0.006571864371003599,0.2,0.0002,0.4,0.33433235581511056
2023-03-10,40,5,0.010814911511399692,0.006025944404964789,0.0047889671064349024,0.010814911511399692,0.0047889671064349024,0.0,0.0,0.4,0.39616969603759955
2023-03-13,40,5,0.01255753619863765,0.007502681330052897,0.005054854868584754,0.01255753619863765,0.005054854868584754,0.0,0.0,0.4,0.2826894323355873
2023-03-14,40,5,0.004791514563893422,0.005959882273315925,-0.0011683677094225034,0.0043915145638934215,-0.0015683677094225036,0.4,0.0004,0.4,-0.028383911023990294
2023-03-15,40,5,0.0030684895107502496,0.0031666297978816026,-9.814028713135301e-05,0.0026684895107502494,-0.0004981402871313532,0.4,0.0004,0.2,0.32523598713947166
2023-03-16,40,5,0.001580133067673084,0.0009259323233152151,0.0006542007443578689,0.001380133067673084,0.00045420074435786884,0.2,0.0002,0.4,-0.05045196049247025
2023-03-17,40,5,0.005989656233707015,0.0033120961896766325,0.0026775600440303825,0.005589656233707015,0.0022775600440303823,0.4,0.0004,0.4,0.14295991736728908
2023-03-20,40,5,0.005255386617846795,0.0023086455430309165,0.002946741074815879,0.005255386617846795,0.002946741074815879,0.0,0.0,0.4,0.16730970052381622
2023-03-21,40,5,0.0020482310431225283,-0.0006534513077775394,0.0027016823509000676,0.0020482310431225283,0.0027016823509000676,0.0,0.0,0.4,0.3747480160580814
2023-03-22,40,5,0.007486224623449456,0.00474616767361479,0.002740056949834666,0.007486224623449456,0.002740056949834666,0.0,0.0,0.4,0.4746422488354334
2023-03-23,40,5,0.005837838079104785,0.004119967860118779,0.0017178702189860062,0.005637838079104785,0.0015178702189860066,0.2,0.0002,0.2,-0.08205252080061953
2023-03-24,40,5,0.006391470155301881,0.006199543360794189,0.00019192679450769252,0.006191470155301882,-8.073205492307133e-06,0.2,0.0002,0.4,0.3915681062964005
2023-03-27,40,5,0.00972365623799833,0.00692765148618169,0.0027960047518166397,0.00952365623799833,0.002596004751816639,0.2,0.0002,0.6000000000000001,0.29678258514424627
2023-03-28,40,5,0.010734221073375334,0.007269569895676254,0.0034646511776990803,0.010534221073375333,0.0032646511776990798,0.2,0.0002,0.4,-0.016696748324392274
2023-03-29,40,5,0.0004072228706257652,0.004666870461314777,-0.004259647590689012,7.2228706257652e-06,-0.004659647590689012,0.4,0.0004,0.4,0.33500076101797305
2023-03-30,40,5,0.0016039032916782593,0.003935530517972041,-0.0023316272262937816,0.0014039032916782592,-0.0025316272262937813,0.2,0.0002,0.4,0.3767342151281703
2023-03-31,40,5,-0.0006081412313951606,0.001095666669844957,-0.0017038079012401176,-0.0010081412313951606,-0.0021038079012401173,0.4,0.0004,0.4,0.26496547318846453
2023-04-03,40,5,-0.0024688682478160385,-0.0004916674339281507,-0.0019772008138878878,-0.0024688682478160385,-0.0019772008138878878,0.0,0.0,0.4,0.21115356276203912
2023-04-04,40,5,-0.002888111554396211,-0.0009118011422389116,-0.0019763104121572994,-0.002888111554396211,-0.0019763104121572994,0.0,0.0,0.4,0.3215519637542954
2023-04-05,40,5,0.0016428703925387867,0.0020513594801031274,-0.0004084890875643407,0.0016428703925387867,-0.0004084890875643407,0.0,0.0,0.4,0.2677691135650946
2023-04-06,40,5,0.0012888037192606383,0.002039442384604661,-0.0007506386653440226,0.0010888037192606382,-0.0009506386653440227,0.2,0.0002,0.4,0.14593363170083862
2023-04-10,40,5,0.0028945597837594537,0.0020628336366404136,0.0008317261471190401,0.0026945597837594536,0.00063172614711904,0.2,0.0002,0.4,-0.15859072341113745
2023-04-11,40,5,0.004093646151695931,0.0025740231476381104,0.0015196230040578208,0.003893646151695931,0.0013196230040578207,0.2,0.0002,0.2,-0.1149424562613639
2023-04-12,40,5,0.003517760471507381,0.0030450550589805215,0.0004727054125268594,0.0033177604715073808,0.0002727054125268593,0.2,0.0002,0.4,-0.005627647116178025
2023-04-13,40,5,-0.00046867425431037276,-0.00040584888951955225,-6.282536479082051e-05,-0.0006686742543103727,-0.0002628253647908205,0.2,0.0002,0.4,0.020572001221584202
2023-04-14,40,5,-0.0001456181307210036,-7.80309579901367e-05,-6.75871727308669e-05,-0.0003456181307210036,-0.0002675871727308669,0.2,0.0002,0.2,-0.06108350848386834
2023-04-17,40,5,-0.0006938076663762604,-2.7939915187181194e-05,-0.0006658677511890793,-0.0010938076663762604,-0.0010658677511890791,0.4,0.0004,0.4,-0.432144700486468
2023-04-18,40,5,-0.004284791511611043,-0.003065414348212216,-0.0012193771633988272,-0.004684791511611043,-0.0016193771633988274,0.4,0.0004,0.4,-0.10420009859786816
2023-04-19,40,5,-0.004330047400367394,-0.0036600503351811274,-0.0006699970651862664,-0.0045300474003673935,-0.0008699970651862661,0.2,0.0002,0.4,-0.1181005251794538
2023-04-20,40,5,-0.0001693128528451604,0.000654708201998756,-0.0008240210548439164,-0.0001693128528451604,-0.0008240210548439164,0.0,0.0,0.4,-0.23279139688614592
2023-04-21,40,5,0.0017945710166615346,0.0018054258422322716,-1.0854825570737019e-05,0.0013945710166615346,-0.000410854825570737,0.4,0.0004,0.4,-0.5682987137157767
2023-04-24,40,5,0.007301313312858046,0.0017615372786141455,0.005539776034243901,0.0071013133128580465,0.005339776034243901,0.2,0.0002,0.4,-0.07076694689211038
2023-04-25,40,5,0.010238391251629463,0.002793130463047032,0.007445260788582431,0.009838391251629464,0.007045260788582431,0.4,0.0004,0.4,-0.2858363808384894
2023-04-26,40,5,0.013581466163344444,0.0027289775426297585,0.010852488620714685,0.013381466163344444,0.010652488620714686,0.2,0.0002,0.4,0.27726138146937274
2023-04-27,40,5,0.004241844277300734,-0.0023307773963973195,0.006572621673698054,0.004041844277300735,0.006372621673698054,0.2,0.0002,0.6000000000000001,0.39593622589468325
2023-04-28,40,5,0.004169757066835067,-0.0011018063847115013,0.0052715634515465674,0.0037697570668350664,0.004871563451546568,0.4,0.0004,0.4,-0.2039178852147323
2023-05-01,40,5,0.0039841437048710035,-0.0003879405907694372,0.004372084295640441,0.0035841437048710033,0.003972084295640441,0.4,0.0004,0.4,-0.055416345117834
2023-05-02,40,5,0.003484678429625108,0.0006778795844513059,0.0028067988451738017,0.0032846784296251077,0.002606798845173802,0.2,0.0002,0.6000000000000001,0.4047515308280012
2023-05-03,40,5,0.004206903656774044,0.002832019198749783,0.0013748844580242607,0.003606903656774044,0.0007748844580242609,0.6000000000000001,0.0006000000000000001,0.6000000000000001,0.3756583122417432
2023-05-04,40,5,0.004058316154922141,0.0035815522040268735,0.00047676395089526775,0.003858316154922141,0.00027676395089526766,0.2,0.0002,0.6000000000000001,0.03481086753907192
2023-05-05,40,5,0.00041318027848817444,7.189333041458968e-05,0.00034128694807358475,1.3180278488174422e-05,-5.8713051926415253e-05,0.4,0.0004,0.4,-0.18785657657991095
2023-05-08,40,5,0.0013791964916345823,1.1201160059315374e-05,0.001367995331575267,0.0011791964916345822,0.0011679953315752668,0.2,0.0002,0.4,0.13265057647737422
2023-05-09,40,5,0.0009390208687710188,0.00028556791619782916,0.0006534529525731897,0.0007390208687710188,0.0004534529525731897,0.2,0.0002,0.4,-0.14082860521690677
2023-05-10,40,5,3.317108651657019e-05,0.0017354133741064835,-0.0017022422875899133,-0.00036682891348342983,-0.0021022422875899135,0.4,0.0004,0.4,-0.10730489886295302
2023-05-11,40,5,0.0038317048679966125,0.004600937346885218,-0.0007692324788886053,0.0034317048679966124,-0.0011692324788886055,0.4,0.0004,0.4,-0.1569183933190672
2023-05-12,40,5,0.0017164437992982285,0.004700991774772222,-0.0029845479754739934,0.0015164437992982284,-0.0031845479754739935,0.2,0.0002,0.4,-0.549613327846636
2023-05-15,40,5,0.0029504254597675183,0.0033610765804084715,-0.0004106511206409531,0.0027504254597675182,-0.0006106511206409532,0.2,0.0002,0.4,-0.21146104143686983
2023-05-16,40,5,-0.002590440621535799,0.001990185745629992,-0.004580626367165791,-0.002590440621535799,-0.004580626367165791,0.0,0.0,0.4,-0.07249092328943263
2023-05-17,40,5,-0.0053394141134801565,-0.001561981622504523,-0.0037774324909756333,-0.0053394141134801565,-0.0037774324909756333,0.0,0.0,0.4,-0.12328161172120389
2023-05-18,40,5,-0.002455199469369975,-0.0014463611413069028,-0.0010088383280630723,-0.003055199469369975,-0.0016088383280630722,0.6000000000000001,0.0006000000000000001,0.2,0.5845148613482465
2023-05-19,40,5,-0.004227778666464332,0.0023451780244310096,-0.006572956690895342,-0.004627778666464332,-0.006972956690895342,0.4,0.0004,0.4,-0.45476822173058196
2023-05-22,40,5,-0.00024547412640296695,0.0027178853071350936,-0.0029633594335380605,-0.000845474126402967,-0.003563359433538061,0.6000000000000001,0.0006000000000000001,0.4,-0.3042939693935125
2023-05-23,40,5,0.010411979786943304,0.0039366454464502005,0.0064753343404931035,0.010011979786943305,0.006075334340493104,0.4,0.0004,0.4,0.24060196071826567
2023-05-24,40,5,0.013364725545999967,0.00696711976532446,0.006397605780675507,0.012964725545999967,0.005997605780675507,0.4,0.0004,0.4,0.09208927790752597
2023-05-25,40,5,0.009010965304565913,0.007137800577676538,0.0018731647268893752,0.008410965304565914,0.0012731647268893753,0.6000000000000001,0.0006000000000000001,0.4,0.6400021205490987
2023-05-26,40,5,-0.0015525728283716145,0.0030281005708872022,-0.0045806733992588165,-0.0019525728283716144,-0.004980673399258817,0.4,0.0004,0.6000000000000001,0.9705063742553754
2023-05-30,40,5,0.0017381145377505145,0.0037013531307731875,-0.001963238593022673,0.0015381145377505144,-0.002163238593022673,0.2,0.0002,0.6000000000000001,0.817714722153287
2023-05-31,40,5,-0.00022132828942012404,0.0029332312679569883,-0.0031545595573771123,-0.000621328289420124,-0.0035545595573771125,0.4,0.0004,0.4,0.5180107509698608
2023-06-01,40,5,0.001033327484520825,0.0026898744956123277,-0.0016565470110915027,0.0006333274845208251,-0.0020565470110915024,0.4,0.0004,0.4,0.8114647828055404
2023-06-02,40,5,0.0005651188244543359,0.0007420208009621071,-0.00017690197650777116,-0.0002348811755456641,-0.0009769019765077712,0.8,0.0008,0.4,0.23643928066876185
2023-06-05,40,5,0.008989642444246933,0.0038628295636173606,0.005126812880629572,0.008389642444246934,0.004526812880629573,0.6000000000000001,0.0006000000000000001,0.4,0.7768759065769473
2023-06-06,40,5,0.0057805358102263945,0.004092392010350686,0.0016881437998757087,0.005180535810226395,0.0010881437998757088,0.6000000000000001,0.0006000000000000001,0.2,0.16878192005638226
2023-06-07,40,5,0.01481017932761559,0.006695691449239749,0.008114487878375841,0.01421017932761559,0.007514487878375842,0.6000000000000001,0.0006000000000000001,0.4,0.8510145802167415
2023-06-08,40,5,0.010098844964304625,0.007317388516397428,0.0027814564479071973,0.009898844964304624,0.0025814564479071968,0.2,0.0002,0.4,0.6823567656080911
2023-06-09,40,5,0.004506864389968204,0.00565220119924222,-0.0011453368092740161,0.004306864389968204,-0.0013453368092740158,0.2,0.0002,0.6000000000000001,0.365884806117208
2023-06-12,40,5,0.002675989565202066,0.0019468073798553464,0.0007291821853467194,0.0024759895652020658,0.0005291821853467193,0.2,0.0002,0.8,0.9686740204874553
2023-06-13,40,5,-0.005458581950500805,-0.00029481802364728695,-0.0051637639268535184,-0.005658581950500805,-0.005363763926853518,0.2,0.0002,0.6000000000000001,0.4142777435183511
2023-06-14,40,5,-0.007748171780449767,-0.0005345245613731742,-0.007213647219076593,-0.007948171780449768,-0.0074136472190765934,0.2,0.0002,0.6000000000000001,1.1428603242225854
2023-06-15,40,5,-0.00671908512825425,-0.0038113744342949583,-0.0029077106939592915,-0.00711908512825425,-0.0033077106939592917,0.4,0.0004,0.4,0.3992667712580982
2023-06-16,40,5,-0.006636918000095013,-0.004215003511413675,-0.0024219144886813383,-0.0068369180000950125,-0.002621914488681338,0.2,0.0002,0.6000000000000001,0.667159587383459
2023-06-20,40,5,-0.006769957901522798,-0.0013215440974286203,-0.005448413804094178,-0.006969957901522798,-0.005648413804094178,0.2,0.0002,0.6000000000000001,0.5748997240917681
2023-06-21,40,5,-0.003539571189301518,-7.907412786619438e-05,-0.0034604970614353237,-0.003539571189301518,-0.0034604970614353237,0.0,0.0,0.6000000000000001,0.5770971272127952
2023-06-22,40,5,0.0011348685944778448,4.4482742006820006e-05,0.001090385852471025,0.0009348685944778448,0.0008903858524710248,0.2,0.0002,0.6000000000000001,0.5362000875034987
2023-06-23,40,5,0.005977459582709921,0.0034460415219518684,0.002531418060758053,0.0057774595827099215,0.002331418060758053,0.2,0.0002,0.6000000000000001,0.4184633342412418
2023-06-26,40,5,0.008694908884018,0.004538038172534171,0.004156870711483829,0.008294908884018001,0.00375687071148383,0.4,0.0004,0.4,-0.27048114513238986
2023-06-27,40,5,0.003070771456789769,0.002587746143209389,0.0004830253135803802,0.002670771456789769,8.302531358038e-05,0.4,0.0004,0.6000000000000001,0.3182582931906168
2023-06-28,40,5,0.0018319723433698077,0.0007322545260731911,0.0010997178172966167,0.0016319723433698076,0.0008997178172966165,0.2,0.0002,0.4,0.4820553239923413
2023-06-29,40,5,-0.00037718206955927424,-0.0011483053600516268,0.0007711232904923526,-0.0005771820695592742,0.0005711232904923526,0.2,0.0002,0.4,-0.36386171274402557
2023-06-30,40,5,-0.0012652329539204255,-0.0025100771703245096,0.001244844216404084,-0.0012652329539204255,0.001244844216404084,0.0,0.0,0.4,-0.1914442471270945
2023-07-03,40,5,0.0022235431049664146,-0.0011373864988273202,0.003360929603793735,0.0020235431049664145,0.0031609296037937345,0.2,0.0002,0.4,-0.2859336086947444
2023-07-05,40,5,0.005112224949490729,0.00039814362583867385,0.004714081323652056,0.00491222494949073,0.004514081323652056,0.2,0.0002,0.4,0.22510382021840059
2023-07-06,40,5,0.010353624411625599,0.004084088277120923,0.006269536134504676,0.010353624411625599,0.006269536134504676,0.0,0.0,0.4,0.26077775741832454
2023-07-07,40,5,0.008731336013450521,0.005310847079141902,0.0034204889343086194,0.00853133601345052,0.003220488934308619,0.2,0.0002,0.4,0.2764321647937429
2023-07-10,40,5,0.006408498438792068,0.004988882597520452,0.0014196158412716157,0.005608498438792068,0.0006196158412716153,0.8,0.0008,0.2,0.47598726221987775
2023-07-11,40,5,0.007070694549435289,0.0050262861016475745,0.002044408447787714,0.0066706945494352885,0.001644408447787714,0.4,0.0004,0.4,0.5810269555886691
2023-07-12,40,5,0.00577971985325648,0.004264283293754303,0.0015154365595021774,0.00537971985325648,0.0011154365595021773,0.4,0.0004,0.4,0.46835744843910376
2023-07-13,40,5,0.005835281329391732,0.0017704877844133288,0.004064793544978403,0.0056352813293917324,0.0038647935449784036,0.2,0.0002,0.4,0.3467206050244407
2023-07-14,40,5,-0.00022507154707453124,0.0022406307923030534,-0.002465702339377585,-0.0006250715470745312,-0.0028657023393775845,0.4,0.0004,0.4,0.891505369918935
2023-07-17,40,5,-0.001581556112140987,0.0024966631238008677,-0.004078219235941855,-0.002181556112140987,-0.0046782192359418545,0.6000000000000001,0.0006000000000000001,0.4,0.6486297687214844
2023-07-18,40,5,-0.0008012619077381888,0.0018401235918090544,-0.0026413854995472434,-0.0012012619077381888,-0.003041385499547243,0.4,0.0004,0.4,0.6611588413944709
2023-07-19,40,5,0.00034941583786806784,0.0011991525659039576,-0.0008497367280358897,0.00014941583786806783,-0.0010497367280358897,0.2,0.0002,0.4,0.5724611906494879
2023-07-20,40,5,0.004287248543027822,0.0013985507159838604,0.0028886978270439615,0.003687248543027822,0.0022886978270439617,0.6000000000000001,0.0006000000000000001,0.2,-0.20831964563909366
2023-07-21,40,5,0.0066689432652595445,0.002719260672806334,0.003949682592453211,0.006268943265259544,0.0035496825924532104,0.4,0.0004,0.6000000000000001,0.7302477467682671
2023-07-24,40,5,0.0062880153207140795,0.0022079742575500543,0.004080041063164026,0.005888015320714079,0.003680041063164025,0.4,0.0004,0.2,0.18967921680679822
2023-07-25,40,5,0.006625574997325448,0.0017972718146775295,0.004828303182647918,0.0060255749973254485,0.004228303182647919,0.6000000000000001,0.0006000000000000001,0.4,-0.04405844715146756
2023-07-26,40,5,-0.0008980921903129112,-0.0010422829852830533,0.0001441907949701421,-0.0012980921903129113,-0.00025580920502985796,0.4,0.0004,0.4,0.44124240023532124
2023-07-27,40,5,-0.002963022420638826,-0.000280186127074416,-0.00268283629356441,-0.003363022420638826,-0.00308283629356441,0.4,0.0004,0.4,0.36284491504843075
2023-07-28,40,5,-0.004962919310240897,-0.002509652308440346,-0.002453267001800551,-0.0051629193102408965,-0.0026532670018005505,0.2,0.0002,0.4,-0.28561126795958813
2023-07-31,40,5,-0.0023875062436665437,-0.00035884203233567445,-0.0020286642113308694,-0.002587506243666544,-0.0022286642113308695,0.2,0.0002,0.2,-0.38720520528050884
2023-08-01,40,5,-0.00017632323705951247,-0.001000098695175422,0.0008237754581159096,-0.0005763232370595125,0.0004237754581159095,0.4,0.0004,0.4,0.06801814081789459
2023-08-02,40,5,0.00019667421298289245,3.2305832361184675e-06,0.00019344362974677397,-0.00020332578701710757,-0.00020655637025322605,0.4,0.0004,0.4,0.11429056863013543
2023-08-03,40,5,-0.0010289010741880045,0.00027662700838138656,-0.001305528082569391,-0.0012289010741880046,-0.0015055280825693911,0.2,0.0002,0.4,-0.20476989644836863
2023-08-04,40,5,0.0007244416184243496,0.0005146275462539313,0.0002098140721704183,0.0005244416184243497,9.814072170418321e-06,0.2,0.0002,0.4,-0.43001144967828253
2023-08-07,40,5,-0.0020245677116397334,-0.00035278801762720854,-0.001671779694012525,-0.0024245677116397336,-0.002071779694012525,0.4,0.0004,0.4,-0.5375789941958082
2023-08-08,40,5,-0.004008196942687818,-0.0018906675507289277,-0.00211752939195889,-0.004408196942687818,-0.0025175293919588904,0.4,0.0004,0.6000000000000001,-0.13351748824241838
2023-08-09,40,5,-0.0043801097060634665,-0.0017975379019754731,-0.0025825718040879933,-0.004580109706063466,-0.002782571804087993,0.2,0.0002,0.4,-0.1583867425778287
2023-08-10,40,5,-0.0004595064445314367,-0.0033600457504459843,0.0029005393059145478,-0.0010595064445314368,0.0023005393059145475,0.6000000000000001,0.0006000000000000001,0.6000000000000001,-0.03605493879081578
2023-08-11,40,5,-0.00230293829979606,-0.0031147770990616703,0.0008118387992656103,-0.00270293829979606,0.00041183879926561017,0.4,0.0004,0.4,0.07947086417171434
2023-08-14,40,5,-0.002174785284888534,-0.003600392628997295,0.0014256073441087608,-0.002774785284888534,0.0008256073441087609,0.6000000000000001,0.0006000000000000001,0.4,0.07519753129285434
2023-08-15,40,5,-0.0013340304383080205,-0.002580478990185322,0.0012464485518773015,-0.0015340304383080205,0.0010464485518773014,0.2,0.0002,0.4,0.14983399718990498
2023-08-16,40,5,0.001095722653950566,0.0014690517342043695,-0.00037332908025380354,0.000695722653950566,-0.0007733290802538035,0.4,0.0004,0.2,-0.3959791702578812
2023-08-17,40,5,0.00022376049106513917,-0.0005846380551940572,0.0008083985462591964,0.00022376049106513917,0.0008083985462591964,0.0,0.0,0.2,-0.49490849687215643
2023-08-18,40,5,-0.0018141000133283923,0.0008872146040041056,-0.002701314617332498,-0.0022141000133283923,-0.003101314617332498,0.4,0.0004,0.2,-0.037237259409131696
2023-08-21,40,5,-0.0020245995637431236,0.0007419112053398608,-0.0027665107690829846,-0.0024245995637431237,-0.0031665107690829848,0.4,0.0004,0.4,-0.07274164501922087
2023-08-22,40,5,0.0007984858481889966,0.004400689015577454,-0.0036022031673884577,0.0003984858481889966,-0.0040022031673884574,0.4,0.0004,0.4,0.006209887455444374
2023-08-23,40,5,0.0007121950695290291,0.0026850691716408543,-0.0019728741021118254,0.0003121950695290291,-0.002372874102111825,0.4,0.0004,0.2,-0.21974094849002057
2023-08-24,40,5,0.004990565914998966,0.006159844968400862,-0.0011692790534018963,0.0047905659149989665,-0.001369279053401896,0.2,0.0002,0.2,-0.41709218182344543
2023-08-25,40,5,0.003704396695898806,0.005005973570923881,-0.0013015768750250746,0.003704396695898806,-0.0013015768750250746,0.0,0.0,0.2,-0.45188123005753766
2023-08-28,40,5,0.0034351086735094237,0.0031263706185476587,0.000308738054961765,0.0030351086735094235,-9.12619450382352e-05,0.4,0.0004,0.4,-0.052797283218609437
2023-08-29,40,5,-0.0018990585648641957,-0.00042318022557118803,-0.0014758783392930077,-0.002299058564864196,-0.0018758783392930078,0.4,0.0004,0.4,-0.08216586406757642
2023-08-30,40,5,0.0019755012515175795,-0.0011153421282125253,0.003090843379730105,0.0017755012515175794,0.0028908433797301047,0.2,0.0002,0.4,-0.022937393105493697
2023-08-31,40,5,0.002205696689824128,-0.0007815801519089694,0.0029872768417330974,0.002205696689824128,0.0029872768417330974,0.0,0.0,0.4,0.0988890416650321
2023-09-01,40,5,0.0034756647418311506,-0.00012333053878276103,0.0035989952806139117,0.0032756647418311505,0.0033989952806139116,0.2,0.0002,0.4,0.03200016145910567
2023-09-05,40,5,0.004275339267602986,-0.0007468461511617863,0.005022185418764772,0.004275339267602986,0.005022185418764772,0.0,0.0,0.4,-0.005404632908675211
2023-09-06,40,5,0.003862040549553112,0.0003017048698678887,0.0035603356796852234,0.0034620405495531118,0.0031603356796852233,0.4,0.0004,0.2,-0.23068174450521184
2023-09-07,40,5,0.00038594769945066165,0.0014804462209217107,-0.001094498521471049,0.00018594769945066164,-0.0012944985214710491,0.2,0.0002,0.4,-0.2431092735543281
2023-09-08,40,5,-0.002026008878644352,-0.001478445407605645,-0.0005475634710387068,-0.002026008878644352,-0.0005475634710387068,0.0,0.0,0.4,-0.23857974326523745
2023-09-11,40,5,-0.0033992415593090053,-0.0024983916749159035,-0.0009008498843931017,-0.0035992415593090053,-0.0011008498843931018,0.2,0.0002,0.4,0.308556328719078
2023-09-12,40,5,-0.0017438124416211086,-0.0016956032624431394,-4.820917917796913e-05,-0.0019438124416211087,-0.0002482091791779692,0.2,0.0002,0.2,-0.16536811899479176
2023-09-13,40,5,-0.007374670223171904,-0.0035800582348904397,-0.0037946119882814647,-0.007574670223171904,-0.003994611988281464,0.2,0.0002,0.4,-0.24641187067690495
2023-09-14,40,5,-0.008990936166768085,-0.008094724686115082,-0.0008962114806530027,-0.009390936166768084,-0.001296211480653002,0.4,0.0004,0.4,0.1922791763925602
2023-09-15,40,5,-0.008746929443952608,-0.0060331492067671345,-0.0027137802371854734,-0.008946929443952608,-0.002913780237185474,0.2,0.0002,0.4,0.22462855529976977
2023-09-18,40,5,-0.008669476540371939,-0.005728870779718119,-0.00294060576065382,-0.009069476540371938,-0.0033406057606538194,0.4,0.0004,0.2,-0.016976788251582775
2023-09-19,40,5,-0.013385672638530823,-0.007728067523882057,-0.005657605114648767,-0.013785672638530823,-0.006057605114648766,0.4,0.0004,0.4,0.5606064437731568
2023-09-20,40,5,-0.00712917432519868,-0.005948620257911963,-0.0011805540672867173,-0.00792917432519868,-0.001980554067286717,0.8,0.0008,0.4,-0.5020970817593771
2023-09-21,40,5,-0.0009474416931070983,-0.0010404003579687242,9.29586648616259e-05,-0.0011474416931070983,-0.00010704133513837408,0.2,0.0002,0.4,-0.30486340030722303
2023-09-22,40,5,-0.0019809679789747126,-0.0010491297389257398,-0.0009318382400489728,-0.0021809679789747127,-0.001131838240048973,0.2,0.0002,0.4,-0.45703448521021883
2023-09-25,40,5,0.001533198173353165,-0.0008938224114024385,0.0024270205847556035,0.0011331981733531651,0.002027020584755604,0.4,0.0004,0.2,-0.10035847053995894
2023-09-26,40,5,0.000746771926465204,-0.0007129506740741326,0.0014597226005393367,0.00034677192646520393,0.0010597226005393365,0.4,0.0004,0.4,-0.20580537179831992
2023-09-27,40,5,0.0014345549549956483,0.0005084207358291648,0.0009261342191664835,0.0010345549549956483,0.0005261342191664835,0.4,0.0004,0.4,-0.25077440533134876
2023-09-28,40,5,0.0023820979249469954,-0.0014329567825230112,0.0038150547074700066,0.0021820979249469953,0.0036150547074700065,0.2,0.0002,0.6000000000000001,0.2284439609705693
2023-09-29,40,5,0.0019892004059977662,0.0012530025968941223,0.000736197809103644,0.0015892004059977663,0.000336197809103644,0.4,0.0004,0.4,0.4628788680339788
2023-10-02,40,5,0.00470318865965889,0.001400350146446247,0.0033028385132126427,0.00410318865965889,0.002702838513212643,0.6000000000000001,0.0006000000000000001,0.4,0.07213968408316163
2023-10-03,40,5,0.00691930400210942,0.0049945037720875735,0.0019248002300218461,0.0065193040021094195,0.001524800230021846,0.4,0.0004,0.2,-0.09360464075454189
2023-10-04,40,5,0.007745961961233938,0.004099409461823293,0.0036465524994106447,0.007545961961233938,0.003446552499410645,0.2,0.0002,0.4,-0.15682369617680436
2023-10-05,40,5,0.0038669585189318933,0.003838251187283191,2.8707331648702202e-05,0.0036669585189318932,-0.0001712926683512979,0.2,0.0002,0.4,-0.2174875385565045
2023-10-06,40,5,0.004791447457320892,0.00045065159380637933,0.004340795863514513,0.004791447457320892,0.004340795863514513,0.0,0.0,0.4,-0.08477006064051906
2023-10-09,40,5,0.0048906117949936954,0.00179564608946371,0.0030949657055299854,0.004690611794993696,0.0028949657055299858,0.2,0.0002,0.4,-0.3901866422521003
2023-10-10,40,5,0.0051129875824034166,0.0005550301891047521,0.004557957393298664,0.004912987582403417,0.0043579573932986644,0.2,0.0002,0.2,-0.22080867088057232
2023-10-11,40,5,0.001283846119744161,-0.001933389128518348,0.0032172352482625092,0.0010838461197441608,0.0030172352482625087,0.2,0.0002,0.2,-0.029749505486986294
2023-10-12,40,5,-0.000744856088707464,-0.0015817470362035392,0.0008368909474960752,-0.000744856088707464,0.0008368909474960752,0.0,0.0,0.2,-0.02193877827540902
2023-10-13,40,5,-0.0028485289585862272,-0.0027579511818743943,-9.057777671183298e-05,-0.0028485289585862272,-9.057777671183298e-05,0.0,0.0,0.2,0.050422725553037395
2023-10-16,40,5,-0.005957906457020212,-0.005092144429613612,-0.0008657620274066004,-0.005957906457020212,-0.0008657620274066004,0.0,0.0,0.2,0.0706649658569134
2023-10-17,40,5,-0.003183756258373247,-0.0031474351059353326,-3.632115243791447e-05,-0.003383756258373247,-0.00023632115243791456,0.2,0.0002,0.4,0.19952088468686568
2023-10-18,40,5,-0.00653578086275441,-0.004496092608620465,-0.0020396882541339452,-0.00653578086275441,-0.0020396882541339452,0.0,0.0,0.4,0.049603447753288066
2023-10-19,40,5,-0.00800081613602428,-0.006434552767664951,-0.0015662633683593283,-0.00820081613602428,-0.0017662633683593288,0.2,0.0002,0.4,0.0379324421176328
2023-10-20,40,5,-0.00555255221299082,-0.0051150825912785105,-0.00043746962171230946,-0.00555255221299082,-0.00043746962171230946,0.0,0.0,0.4,0.06360695941657113
2023-10-23,40,5,-0.0014676089405020365,-0.0018894578023541033,0.00042184886185206677,-0.0016676089405020366,0.00022184886185206668,0.2,0.0002,0.4,-0.16071524688642924
2023-10-24,40,5,-0.0016728321324592879,-0.002666436299198275,0.0009936041667389871,-0.002072832132459288,0.000593604166738987,0.4,0.0004,0.4,0.38617309868216054
2023-10-25,40,5,0.005328502370947832,0.003052392403970832,0.002276109966977,0.005328502370947832,0.002276109966977,0.0,0.0,0.4,0.2763985767458692
2023-10-26,40,5,0.01442093328340813,0.008668172505396709,0.005752760778011422,0.01422093328340813,0.005552760778011421,0.2,0.0002,0.4,0.4456014699370563
2023-10-27,40,5,0.013332576920076162,0.011062154653285416,0.002270422266790745,0.013132576920076161,0.0020704222667907446,0.2,0.0002,0.4,0.12817666026350238
2023-10-30,40,5,0.011943139216070122,0.008687665441038795,0.0032554737750313274,0.011143139216070122,0.002455473775031327,0.8,0.0008,0.4,-0.136437022410977
2023-10-31,40,5,0.009131446377131532,0.008847758262023046,0.00028368811510848593,0.008731446377131533,-0.00011631188489151338,0.4,0.0004,0.2,-0.48501910744399623
2023-11-01,40,5,0.01059235150071279,0.00682381000606765,0.00376854149464514,0.01059235150071279,0.00376854149464514,0.0,0.0,0.2,-0.28976585000067345
2023-11-02,40,5,0.005223538491033497,0.002347592951167348,0.0028759455398661487,0.005223538491033497,0.0028759455398661487,0.0,0.0,0.2,-0.3643361072420568
2023-11-03,40,5,0.0014532380764487752,0.003555951506262197,-0.002102713429813422,0.0008532380764487751,-0.0027027134298134217,0.6000000000000001,0.0006000000000000001,0.2,0.07111034282890216
2023-11-06,40,5,0.0014628399643776425,0.002697623824889562,-0.0012347838605119197,0.0014628399643776425,-0.0012347838605119197,0.0,0.0,0.2,0.04495876439671065
2023-11-07,40,5,0.005246923816519402,0.004780934005383502,0.00046598981113589975,0.0050469238165194025,0.0002659898111359001,0.2,0.0002,0.2,0.004270982507680543
2023-11-08,40,5,0.008522445782180917,0.005208064020906174,0.0033143817612747437,0.008322445782180917,0.003114381761274743,0.2,0.0002,0.4,0.26911970117333794
2023-11-09,40,5,0.012748573723905574,0.0067949363222049915,0.005953637401700582,0.012748573723905574,0.005953637401700582,0.0,0.0,0.4,0.296163528541598
2023-11-10,40,5,0.009366618942906964,0.004134876104635511,0.005231742838271453,0.008966618942906965,0.004831742838271454,0.4,0.0004,0.2,-0.7035060053861741
2023-11-13,40,5,0.009184239685525472,0.005824908640950536,0.003359331044574936,0.008984239685525471,0.0031593310445749354,0.2,0.0002,0.2,-0.04052155523714873
2023-11-14,40,5,0.004296881787089166,0.002334565130944179,0.0019623166561449873,0.0040968817870891665,0.0017623166561449876,0.2,0.0002,0.2,-0.2066774061069232
2023-11-15,40,5,0.003909728995632502,0.002575131127050955,0.0013345978685815473,0.003509728995632502,0.0009345978685815471,0.4,0.0004,0.4,0.15244934907387275
2023-11-16,40,5,0.0027473690468515066,0.0026328276465580336,0.00011454140029347297,0.0021473690468515067,-0.00048545859970652687,0.6000000000000001,0.0006000000000000001,0.2,0.21164194897436772
2023-11-17,40,5,0.0024106653321737605,0.001949772875808061,0.0004608924563656994,0.0018106653321737604,-0.00013910754363430063,0.6000000000000001,0.0006000000000000001,0.4,0.13772994988201148
2023-11-20,40,5,-0.0011928205621732247,0.0002561252511890821,-0.0014489458133623069,-0.0011928205621732247,-0.0014489458133623069,0.0,0.0,0.4,0.19305660285921533
2023-11-21,40,5,0.002270451262640729,0.0005923832403631879,0.0016780680222775414,0.0016704512626407291,0.001078068022277541,0.6000000000000001,0.0006000000000000001,0.4,-0.31976817848918415
2023-11-22,40,5,0.0027682685728106773,0.0007910244084063666,0.001977244164404311,0.0027682685728106773,0.001977244164404311,0.0,0.0,0.4,-0.3451776224394507
2023-11-24,40,5,0.00025941572609151643,0.0009218089264893809,-0.0006623932003978644,5.941572609151642e-05,-0.0008623932003978645,0.2,0.0002,0.4,0.10047860628724692
2023-11-27,40,5,0.0012403532830260388,0.00017599521597581048,0.0010643580670502283,0.0010403532830260387,0.0008643580670502283,0.2,0.0002,0.4,-0.06400774882085614
2023-11-28,40,5,0.0012514947910880502,0.00021477419554880804,0.0010367205955392421,0.0008514947910880503,0.0006367205955392422,0.4,0.0004,0.4,-0.1142312710508584
2023-11-29,40,5,0.0019839300854846264,-0.0009277800424775801,0.0029117101279622064,0.0015839300854846264,0.0025117101279622063,0.4,0.0004,0.4,-0.138046528841695
2023-11-30,40,5,0.0017658814202518337,-0.00027586210553245786,0.0020417435257842915,0.0015658814202518336,0.0018417435257842914,0.2,0.0002,0.4,-0.2399228147448369
2023-12-01,40,5,0.0014902382549414916,1.696784150616526e-05,0.0014732704134353264,0.0014902382549414916,0.0014732704134353264,0.0,0.0,0.4,-0.3422119935618788
2023-12-04,40,5,0.0012694367019470442,0.0027308467771126866,-0.0014614100751656424,0.001069436701947044,-0.0016614100751656425,0.2,0.0002,0.6000000000000001,-0.6627065791839151
2023-12-05,40,5,0.002640819221265067,0.0035005725848684206,-0.0008597533636033536,0.002440819221265067,-0.0010597533636033537,0.2,0.0002,0.4,-0.3551425234910397
2023-12-06,40,5,0.0025408637586519633,0.006750325675808308,-0.004209461917156345,0.002140863758651963,-0.004609461917156345,0.4,0.0004,0.4,-0.2919956488470916
2023-12-07,40,5,0.003999823525182213,0.004211525329149815,-0.0002117018039676016,0.003599823525182213,-0.0006117018039676018,0.4,0.0004,0.4,0.042804764955018726
2023-12-08,40,5,0.007775413693011464,0.004242839311288178,0.003532574381723286,0.007575413693011465,0.0033325743817232863,0.2,0.0002,0.4,0.04620319561980324
2023-12-11,40,5,0.007497477623313138,0.004622793529957599,0.002874684093355539,0.007297477623313138,0.0026746840933555395,0.2,0.0002,0.6000000000000001,0.45955291114878705
2023-12-12,40,5,0.0051353463015353555,0.005354473569667451,-0.00021912726813209504,0.004735346301535355,-0.0006191272681320952,0.4,0.0004,0.4,-0.0013799108408676375
2023-12-13,40,5,0.004212252078861587,0.00038067042348134797,0.003831581655380239,0.0036122520788615872,0.003231581655380239,0.6000000000000001,0.0006000000000000001,0.4,-0.06955049523315182
2023-12-14,40,5,0.0029442028480284855,0.0032545804536375108,-0.0003103776056090253,0.002344202848028485,-0.0009103776056090256,0.6000000000000001,0.0006000000000000001,0.6000000000000001,-0.30392345399261345
2023-12-15,40,5,0.001293751319949048,0.0022355012985155872,-0.0009417499785665392,0.001093751319949048,-0.0011417499785665393,0.2,0.0002,0.6000000000000001,-0.16740136382735216
2023-12-18,40,5,0.0005846417419177108,0.0013784296186838169,-0.0007937878767661061,0.00018464174191771073,-0.001193787876766106,0.4,0.0004,0.4,-0.19788666570288527
2023-12-19,40,5,0.00014699248107481912,0.0005171430886439399,-0.0003701506075691208,-0.0002530075189251809,-0.0007701506075691208,0.4,0.0004,0.4,0.019650660109899576
2023-12-20,40,5,0.004576697648617127,0.003612787268248942,0.0009639103803681854,0.003976697648617127,0.0003639103803681856,0.6000000000000001,0.0006000000000000001,0.4,-0.120236658179941
2023-12-21,40,5,0.0023093474587518826,0.0010533145366736657,0.001256032922078217,0.0021093474587518825,0.0010560329220782169,0.2,0.0002,0.2,-0.3210564441229913
2023-12-22,40,5,-0.0023186180343725484,0.0003016992842533611,-0.0026203173186259096,-0.0025186180343725485,-0.0028203173186259096,0.2,0.0002,0.4,-0.056292439856768794
2023-12-26,40,5,-0.0052596233085027404,-0.0016194595207548973,-0.003640163787747843,-0.005659623308502741,-0.004040163787747844,0.4,0.0004,0.6000000000000001,0.4069201104495548
2023-12-27,40,5,-0.004042326194551946,-0.0024577335014436784,-0.001584592693108268,-0.004242326194551946,-0.0017845926931082676,0.2,0.0002,0.6000000000000001,0.10108949968450176
2023-12-28,40,5,-0.004542203289194809,-0.002361758328276532,-0.0021804449609182765,-0.004542203289194809,-0.0021804449609182765,0.0,0.0,0.6000000000000001,0.2122047757404104
2023-12-29,40,5,0.0017030072154570106,0.0009696108907544399,0.0007333963247025707,0.0017030072154570106,0.0007333963247025707,0.0,0.0,0.6000000000000001,0.09125039777387656
2024-01-02,40,5,0.0068743822565245916,0.001964224123962994,0.0049101581325615975,0.006474382256524591,0.004510158132561597,0.4,0.0004,0.4,0.12279519479624312
2024-01-03,40,5,0.009048669662298055,0.0042582968235142385,0.004790372838783817,0.008848669662298055,0.004590372838783816,0.2,0.0002,0.4,0.32529133007814437
2024-01-04,40,5,0.009637020926518362,0.005071760343491098,0.004565260583027263,0.009437020926518361,0.004365260583027263,0.2,0.0002,0.4,0.27219115628986756
2024-01-05,40,5,0.006842863312442535,0.005098104257388634,0.001744759055053901,0.006642863312442535,0.0015447590550539013,0.2,0.0002,0.4,-0.1912942596042697
2024-01-08,40,5,0.0024266040091570316,0.0015998355867237045,0.0008267684224333271,0.0022266040091570316,0.000626768422433327,0.2,0.0002,0.4,-0.2277757585364384
2024-01-09,40,5,0.0010992523950715016,0.0006396923491870321,0.0004595600458844694,0.0006992523950715016,5.956004588446946e-05,0.4,0.0004,0.4,-0.25579978173055196
2024-01-10,40,5,0.004426110116288395,0.001118075504986033,0.003308034611302362,0.004026110116288395,0.002908034611302362,0.4,0.0004,0.4,0.32956855261192075
2024-01-11,40,5,0.004920290801357719,0.003534714042305767,0.0013855767590519518,0.004720290801357719,0.0011855767590519522,0.2,0.0002,0.4,0.09816315281909027
2024-01-12,40,5,0.010438005296761936,0.0032645051958782706,0.007173500100883665,0.010038005296761937,0.006773500100883666,0.4,0.0004,0.4,0.5636277711949802
2024-01-16,40,5,0.0027467532857053147,0.004314068951529805,-0.0015673156658244907,0.0023467532857053145,-0.001967315665824491,0.4,0.0004,0.4,-0.4382301446259227
2024-01-17,40,5,0.006598130760973815,0.006360159405740603,0.00023797135523321179,0.006398130760973815,3.797135523321213e-05,0.2,0.0002,0.4,0.16334585382810118
2024-01-18,40,5,0.004918613651768293,0.0064866028913946935,-0.0015679892396264009,0.004718613651768293,-0.0017679892396264005,0.2,0.0002,0.4,0.11225121315531794
2024-01-19,40,5,0.0007710632792490468,0.0033450656008428134,-0.0025740023215937665,0.0007710632792490468,-0.0025740023215937665,0.0,0.0,0.4,0.0035766853217467087
2024-01-22,40,5,0.0034488633939422494,0.004733319381004136,-0.0012844559870618865,0.0034488633939422494,-0.0012844559870618865,0.0,0.0,0.4,0.12770478951949116
2024-01-23,40,5,0.004546017402156623,0.0042432162642883405,0.0003028011378682829,0.004346017402156624,0.00010280113786828322,0.2,0.0002,0.6000000000000001,0.5695456677542801
2024-01-24,40,5,0.0010090357885210288,-6.170175576741099e-05,0.0010707375442884398,0.0008090357885210288,0.0008707375442884397,0.2,0.0002,0.4,0.01816368814860425
2024-01-25,40,5,0.004409622936888633,0.0008717558463048919,0.003537867090583741,0.004009622936888633,0.003137867090583741,0.4,0.0004,0.4,0.7311711555404443
2024-01-26,40,5,0.0070097451188485494,0.0031758243371119944,0.003833920781736555,0.00680974511884855,0.0036339207817365554,0.2,0.0002,0.4,0.7732892895891723
2024-01-29,40,5,0.003602175461226054,0.0013352184634315872,0.0022669569977944665,0.0032021754612260537,0.0018669569977944665,0.4,0.0004,0.6000000000000001,0.5618388703601127
2024-01-30,40,5,0.0056315380385839695,0.001551093184302193,0.004080444854281776,0.005231538038583969,0.003680444854281776,0.4,0.0004,0.4,-0.02587984632593532
2024-01-31,40,5,0.009760841705622454,0.006524930415358702,0.0032359112902637516,0.009560841705622453,0.003035911290263751,0.2,0.0002,0.4,0.12420787598249561
2024-02-01,40,5,0.005273669001407089,0.004436324636979556,0.0008373443644275327,0.005073669001407089,0.000637344364427533,0.2,0.0002,0.4,0.07594939106515142
2024-02-02,40,5,0.002524423183881428,0.002848995806612036,-0.00032457262273060793,0.0021244231838814277,-0.0007245726227306081,0.4,0.0004,0.6000000000000001,0.6369332884179109
2024-02-05,40,5,0.0027499682845124477,0.003186174397000377,-0.0004362061124879293,0.002149968284512448,-0.0010362061124879291,0.6000000000000001,0.0006000000000000001,0.4,0.06598553452072053
2024-02-06,40,5,0.0017344777340583307,0.000683575925177467,0.0010509018088808637,0.0013344777340583308,0.0006509018088808637,0.4,0.0004,0.4,0.00010951766015665498
2024-02-07,40,5,0.003501758141108491,0.0011484074123952242,0.0023533507287132665,0.003101758141108491,0.0019533507287132663,0.4,0.0004,0.6000000000000001,0.4704355750584064
2024-02-08,40,5,0.005142050232159101,0.0013526217841224957,0.0037894284480366057,0.004942050232159102,0.003589428448036606,0.2,0.0002,0.6000000000000001,0.46882239929353986
2024-02-09,40,5,-0.00014198931147681114,-0.00015514854521769705,1.3159233740885914e-05,-0.0007419893114768112,-0.0005868407662591141,0.6000000000000001,0.0006000000000000001,0.4,0.28242225699241885
2024-02-12,40,5,-0.00021557814573650358,-0.0013380563269159017,0.0011224781811793982,-0.0004155781457365036,0.0009224781811793981,0.2,0.0002,0.4,0.524095291602741
2024-02-13,40,5,0.0006904351677474008,0.0008737559616190221,-0.00018332079387162127,0.0002904351677474008,-0.0005833207938716212,0.4,0.0004,0.4,0.32858168175854274
2024-02-14,40,5,0.004164925559285888,0.0027205031422792994,0.0014444224170065889,0.003764925559285888,0.0010444224170065887,0.4,0.0004,0.4,0.19143132592677148
2024-02-15,40,5,0.003455089473514343,0.0022214752282779327,0.0012336142452364102,0.003255089473514343,0.0010336142452364101,0.2,0.0002,0.4,0.28999102861070725
2024-02-16,40,5,-0.0012196064959308027,0.0026622068750964335,-0.0038818133710272363,-0.0014196064959308028,-0.004081813371027237,0.2,0.0002,0.4,-0.4074052098703973
2024-02-20,40,5,0.0011711738918306213,0.003976673371690217,-0.0028054994798595956,0.0009711738918306213,-0.0030054994798595957,0.2,0.0002,0.2,-0.39178289156779655
2024-02-21,40,5,0.006018619402310179,0.003589474688747841,0.0024291447135623384,0.005618619402310179,0.002029144713562338,0.4,0.0004,0.6000000000000001,0.1385624310001461
2024-02-22,40,5,0.0018670122496165131,0.0006585096660072326,0.0012085025836092804,0.0014670122496165132,0.0008085025836092806,0.4,0.0004,0.4,0.6378226310100601
2024-02-23,40,5,0.0036229407363314705,0.0021074961475937037,0.0015154445887377668,0.0032229407363314703,0.0011154445887377666,0.4,0.0004,0.4,-0.08755878103163184
2024-02-26,40,5,0.009701158989671957,0.0028182768455319086,0.006882882144140049,0.009301158989671958,0.006482882144140049,0.4,0.0004,0.4,0.7238056670432904
2024-02-27,40,5,0.007405221234400523,0.00038404491648897585,0.007021176317911547,0.007405221234400523,0.007021176317911547,0.0,0.0,0.4,0.6883961296932277
2024-02-28,40,5,0.006122279746129191,0.0019912830105008805,0.0041309967356283105,0.005922279746129191,0.003930996735628311,0.2,0.0002,0.4,0.1365819268936832
2024-02-29,40,5,0.012048849897473275,0.0027639446940733604,0.009284905203399915,0.011848849897473274,0.009084905203399914,0.2,0.0002,0.4,0.5910665075841806
2024-03-01,40,5,0.002887411927898098,-0.00046712504466467857,0.003354536972562777,0.002887411927898098,0.003354536972562777,0.0,0.0,0.4,0.7127865808755516
2024-03-04,40,5,-0.004270383833413938,-0.0002456380497123928,-0.004024745783701545,-0.004470383833413937,-0.004224745783701545,0.2,0.0002,0.4,0.8334391588739827
2024-03-05,40,5,0.002693556670172619,0.004507140286966515,-0.0018135836167938965,0.002693556670172619,-0.0018135836167938965,0.0,0.0,0.4,0.7518068771383604
2024-03-06,40,5,0.001175486284983207,0.0026835324279922542,-0.0015080461430090472,0.0009754862849832071,-0.0017080461430090473,0.2,0.0002,0.4,0.7097009744465019
2024-03-07,40,5,-0.0037717882122707503,0.0002769662496712566,-0.004048754461942007,-0.00397178821227075,-0.004248754461942007,0.2,0.0002,0.4,0.9863945529596023
2024-03-08,40,5,-0.0014248341461217428,-0.0003666677427492787,-0.001058166403372464,-0.0018248341461217427,-0.001458166403372464,0.4,0.0004,0.4,0.42152417978398304
2024-03-11,40,5,0.0019225965338012462,0.0010967130925696605,0.0008258834412315857,0.0019225965338012462,0.0008258834412315857,0.0,0.0,0.4,0.39494743292639
2024-03-12,40,5,-0.0026579535863008675,-0.0005043983820326087,-0.0021535552042682587,-0.0028579535863008675,-0.002353555204268259,0.2,0.0002,0.4,0.3640574151917626
2024-03-13,40,5,0.0002880124131387341,0.001431964674300965,-0.001143952261162231,8.801241313873408e-05,-0.001343952261162231,0.2,0.0002,0.4,0.2146718865770083
2024-03-14,40,5,0.0022611639148256792,0.0026192167427463997,-0.00035805282792072046,0.0016611639148256792,-0.0009580528279207205,0.6000000000000001,0.0006000000000000001,0.6000000000000001,1.25047336350179
2024-03-15,40,5,0.004032178132218864,0.0036873725498023776,0.0003448055824164867,0.003832178132218864,0.0001448055824164866,0.2,0.0002,0.4,0.9924817133582096
2024-03-18,40,5,0.0002964383028680251,0.0012639399822379665,-0.0009675016793699413,-0.00030356169713197497,-0.0015675016793699414,0.6000000000000001,0.0006000000000000001,0.6000000000000001,0.8807408708916071
2024-03-19,40,5,0.0005591660159232426,0.00020453506582869427,0.0003546309500945483,0.00015916601592324257,-4.53690499054517e-05,0.4,0.0004,0.4,0.2573327688832414
2024-03-20,40,5,-0.0024964989310277816,0.00038253799389682873,-0.00287903692492461,-0.0028964989310277817,-0.0032790369249246104,0.4,0.0004,0.8,0.7738218626584867
2024-03-21,40,5,-0.0009351708373846624,-6.474939548055392e-05,-0.0008704214419041085,-0.0013351708373846624,-0.0012704214419041085,0.4,0.0004,0.6000000000000001,0.8700869772906721
2024-03-22,40,5,-0.0015817488216899988,0.00035146455962117737,-0.0019332133813111762,-0.001781748821689999,-0.0021332133813111763,0.2,0.0002,0.6000000000000001,0.8305610916918944
2024-03-25,40,5,-0.006834215522620349,-0.00023492751106972523,-0.006599288011550624,-0.007234215522620349,-0.006999288011550624,0.4,0.0004,0.4,0.37235023299479053
2024-03-26,40,5,-0.004386039535939993,-9.70669445536132e-05,-0.00428897259138638,-0.0047860395359399935,-0.00468897259138638,0.4,0.0004,0.4,0.31082625683364995
2024-03-27,40,5,-0.007782756721354693,-0.0045506823108133025,-0.0032320744105413905,-0.008182756721354692,-0.00363207441054139,0.4,0.0004,0.6000000000000001,0.2395239994903946
2024-03-28,40,5,-0.006374136004572839,-0.0023966676791194854,-0.003977468325453354,-0.006574136004572839,-0.004177468325453354,0.2,0.0002,0.4,0.23982608335447253
2024-04-01,40,5,-0.003316054148124388,-0.0023426758775854212,-0.0009733782705389667,-0.003516054148124388,-0.0011733782705389668,0.2,0.0002,0.4,0.27322653570772104
2024-04-02,40,5,-0.002831141747127588,-0.0005412623539929296,-0.0022898793931346584,-0.002831141747127588,-0.0022898793931346584,0.0,0.0,0.4,0.12432112514721894
2024-04-03,40,5,-0.002316609275635657,-0.0020932895266235034,-0.00022331974901215355,-0.002716609275635657,-0.0006233197490121537,0.4,0.0004,0.4,-0.030168966145634357
2024-04-04,40,5,-0.0007649049366646255,0.0020370307662529287,-0.002801935702917554,-0.0013649049366646255,-0.003401935702917554,0.6000000000000001,0.0006000000000000001,0.4,0.013094577496239879
2024-04-05,40,5,0.00022960160039943388,-0.0031832740716797752,0.0034128756720792092,-0.00017039839960056614,0.003012875672079209,0.4,0.0004,0.4,0.15548453499843973
2024-04-08,40,5,-0.0008757205008725853,-0.0047105950908482375,0.003834874589975652,-0.0010757205008725854,0.0036348745899756523,0.2,0.0002,0.4,0.25951897714652716
2024-04-09,40,5,-0.005913078107359256,-0.005043901423533203,-0.0008691766838260524,-0.006113078107359255,-0.001069176683826052,0.2,0.0002,0.4,0.011829216287743805
2024-04-10,40,5,-0.0017413963846730906,-0.0044263875622871166,0.002684991177614026,-0.0019413963846730907,0.0024849911776140257,0.2,0.0002,0.4,0.41523629228269954
2024-04-11,40,5,-0.003124170503937669,-0.005807036774130971,0.002682866270193302,-0.003524170503937669,0.002282866270193302,0.4,0.0004,0.4,0.26715249427928356
2024-04-12,40,5,-0.0016581493292830006,-0.00437157481716296,0.0027134254878799597,-0.0020581493292830006,0.0023134254878799596,0.4,0.0004,0.4,0.5226202272061435
2024-04-15,40,5,0.001390228248285572,-0.0010235941633278066,0.0024138224116133787,0.001190228248285572,0.0022138224116133786,0.2,0.0002,0.4,0.4095426217274678
2024-04-16,40,5,0.0026417231318430767,0.0010697084252348254,0.0015720147066082513,0.0026417231318430767,0.0015720147066082513,0.0,0.0,0.4,0.22618228277671548
2024-04-17,40,5,0.0045908136753722364,0.0018793871053478534,0.002711426570024383,0.004190813675372236,0.002311426570024383,0.4,0.0004,0.4,0.11341196412981347
2024-04-18,40,5,0.001805912441517421,0.0006408158783166052,0.0011650965632008159,0.001405912441517421,0.0007650965632008158,0.4,0.0004,0.4,0.18616075449246594
2024-04-19,40,5,0.003142264426850931,0.003883808461386247,-0.0007415440345353158,0.002742264426850931,-0.001141544034535316,0.4,0.0004,0.4,-0.15890501349151265
2024-04-22,40,5,0.006412101909645344,0.0019342721175380606,0.004477829792107283,0.0062121019096453445,0.004277829792107284,0.2,0.0002,0.2,-0.08502101174854104
2024-04-23,40,5,-0.0008035929722168156,-0.0028965210303584462,0.0020929280581416304,-0.0008035929722168156,0.0020929280581416304,0.0,0.0,0.2,0.10148635518609339
2024-04-24,40,5,-0.003314920446738712,-0.003293106532706156,-2.1813914032555674e-05,-0.003514920446738712,-0.00022181391403255576,0.2,0.0002,0.2,-0.01310515032715287
2024-04-25,40,5,0.002643200445860523,-0.00026473353059112026,0.002907933976451643,0.002243200445860523,0.002507933976451643,0.4,0.0004,0.4,0.2830356238414211
2024-04-26,40,5,0.0030374762517669527,-0.00011497725634810884,0.0031524535081150617,0.0028374762517669526,0.0029524535081150616,0.2,0.0002,0.4,-0.25008299621814345
2024-04-29,40,5,0.002318054219220165,0.0025319360337127997,-0.00021388181449263476,0.002118054219220165,-0.00041388181449263485,0.2,0.0002,0.4,-0.17350731358522964
2024-04-30,40,5,0.007426869845657391,0.005356924328320374,0.002069945517337017,0.007026869845657391,0.001669945517337017,0.4,0.0004,0.2,0.08360849200506593
2024-05-01,40,5,0.009745871320790736,0.0058811233837462226,0.003864747937044513,0.009345871320790736,0.003464747937044514,0.4,0.0004,0.4,0.45073741368904763
2024-05-02,40,5,0.00577544237570339,0.00486175497616559,0.0009136873995378002,0.00557544237570339,0.0007136873995378006,0.2,0.0002,0.4,0.5897505927384685
2024-05-03,40,5,0.001755653920370559,0.003483466679750462,-0.0017278127593799027,0.001755653920370559,-0.0017278127593799027,0.0,0.0,0.4,0.7060735888730214
2024-05-06,40,5,0.002691470639515514,0.0011839415879812214,0.0015075290515342925,0.002691470639515514,0.0015075290515342925,0.0,0.0,0.4,0.4725968765620365
2024-05-07,40,5,0.0018319850461626075,0.0016319453908043464,0.0002000396553582611,0.0016319850461626075,3.965535826100375e-08,0.2,0.0002,0.2,0.1934944144782733
2024-05-08,40,5,0.0034748415742426354,0.003964288704945798,-0.0004894471307031623,0.0032748415742426353,-0.0006894471307031624,0.2,0.0002,0.4,-0.1050749503084134
2024-05-09,40,5,0.004633849652210396,0.003501328053114739,0.0011325215990956568,0.004433849652210396,0.0009325215990956572,0.2,0.0002,0.4,0.020418336600318554
2024-05-10,40,5,0.0022680753981237033,0.00352065333056648,-0.0012525779324427766,0.0018680753981237033,-0.0016525779324427765,0.4,0.0004,0.2,-0.5523805780739224
2024-05-13,40,5,0.0015852220058539014,0.003186892297070706,-0.0016016702912168045,0.0011852220058539014,-0.0020016702912168047,0.4,0.0004,0.4,0.08764566886358693
2024-05-14,40,5,0.0031414709616327126,0.0030263657063856458,0.00011510525524706687,0.0029414709616327125,-8.489474475293322e-05,0.2,0.0002,0.4,-0.1186252311490179
2024-05-15,40,5,0.003470190586921218,0.0006068544101810547,0.0028633361767401635,0.0030701905869212178,0.0024633361767401633,0.4,0.0004,0.4,0.5153287825402373
2024-05-16,40,5,-0.0021438717391164585,-0.0014692450426771603,-0.0006746266964392982,-0.0023438717391164586,-0.0008746266964392983,0.2,0.0002,0.4,0.12414127798821184
2024-05-17,40,5,-0.0007632563084877431,-0.0010475603902984766,0.0002843040818107335,-0.001163256308487743,-0.00011569591818926645,0.4,0.0004,0.4,0.43387695475377797
2024-05-20,40,5,-0.0012751216898083983,-0.0009151006328025939,-0.00036002105700580435,-0.0012751216898083983,-0.00036002105700580435,0.0,0.0,0.4,0.44672265917302667
2024-05-21,40,5,-0.004629317777611255,-0.003199798674299844,-0.0014295191033114108,-0.0048293177776112545,-0.0016295191033114105,0.2,0.0002,0.4,0.04371746555915834
2024-05-22,40,5,-0.007640737360937022,-0.004951973384030715,-0.002688763976906307,-0.007840737360937022,-0.0028887639769063066,0.2,0.0002,0.6000000000000001,0.23013567856225592
2024-05-23,40,5,-0.005330788816546983,-0.001216184165220216,-0.004114604651326768,-0.005330788816546983,-0.004114604651326768,0.0,0.0,0.6000000000000001,0.23465642460502067
2024-05-24,40,5,-0.0033567378258386737,-0.0019383039106300245,-0.0014184339152086493,-0.003556737825838674,-0.0016184339152086494,0.2,0.0002,0.4,-0.010827527761062328
2024-05-28,40,5,0.00030613214747443607,-0.0010914272422034381,0.0013975593896778742,0.00010613214747443606,0.0011975593896778741,0.2,0.0002,0.2,-0.06422858034319745
2024-05-29,40,5,0.003687197439603285,0.0023246641004664855,0.0013625333391367993,0.003487197439603285,0.0011625333391367993,0.2,0.0002,0.2,-0.01682305162227493
2024-05-30,40,5,0.0038028586066669407,0.004799864232742225,-0.000997005626075284,0.0036028586066669407,-0.0011970056260752842,0.2,0.0002,0.4,0.02849249991724534
2024-05-31,40,5,0.0025461149424990783,0.003023010511205031,-0.00047689556870595274,0.002346114942499078,-0.0006768955687059528,0.2,0.0002,0.2,-0.038822068974155854
2024-06-03,40,5,0.0031975737114706736,0.003004775415489039,0.0001927982959816347,0.0027975737114706734,-0.00020720170401836548,0.4,0.0004,0.2,-0.2757480918233881
2024-06-04,40,5,0.0007067225280278366,0.002305749322806823,-0.0015990267947789865,0.0003067225280278366,-0.0019990267947789866,0.4,0.0004,0.4,-0.29064414951366047
2024-06-05,40,5,0.0008654364242742397,0.0011677838890012866,-0.0003023474647270469,0.0006654364242742397,-0.0005023474647270469,0.2,0.0002,0.4,-0.01703200659615689
2024-06-06,40,5,0.0030790788698329278,0.0009722866466823803,0.002106792223150547,0.0026790788698329276,0.0017067922231505472,0.4,0.0004,0.2,-0.432321024388866
2024-06-07,40,5,0.0032944985525113026,0.0018760461740679635,0.0014184523784433391,0.0030944985525113025,0.001218452378443339,0.2,0.0002,0.2,0.4286322546766641
2024-06-10,40,5,0.01022521570101976,0.003008494481475175,0.007216721219544586,0.01002521570101976,0.007016721219544586,0.2,0.0002,0.4,0.3264519067481224
2024-06-11,40,5,0.013912577666450984,0.003477206142919927,0.010435371523531058,0.013912577666450984,0.010435371523531058,0.0,0.0,0.4,0.2834023146453504
2024-06-12,40,5,0.011846642634306051,0.003618876923149041,0.00822776571115701,0.011446642634306052,0.00782776571115701,0.4,0.0004,0.4,0.6794705124491074
2024-06-13,40,5,0.002788339680632714,0.0035379192901420034,-0.0007495796095092892,0.002388339680632714,-0.0011495796095092894,0.4,0.0004,0.4,-0.013356768124292984
2024-06-14,40,5,0.0005606052350856582,0.0022316322389396032,-0.001671027003853945,0.0001606052350856582,-0.002071027003853945,0.4,0.0004,0.4,-0.1844037434640171
2024-06-17,40,5,-0.0010122543026828224,0.000967979375950126,-0.001980233678632948,-0.0012122543026828224,-0.0021802336786329486,0.2,0.0002,0.2,-0.009104062155330439
2024-06-18,40,5,-0.0040670176251010924,0.0006089269100389499,-0.004675944535140042,-0.004467017625101093,-0.005075944535140042,0.4,0.0004,0.6000000000000001,0.048912252197403916
2024-06-20,40,5,-0.004706888476809992,0.0002593221118062994,-0.0049662105886162915,-0.005106888476809992,-0.005366210588616292,0.4,0.0004,0.4,0.23353755206508708
2024-06-21,40,5,-0.010595598456046887,-0.0012818878354624425,-0.009313710620584444,-0.010795598456046888,-0.009513710620584445,0.2,0.0002,0.4,0.23374953864820114
2024-06-24,40,5,-0.004258341742533593,-0.0008695122970264586,-0.003388829445507135,-0.004458341742533593,-0.0035888294455071346,0.2,0.0002,0.6000000000000001,0.6642696641150252
2024-06-25,40,5,0.005563190033108678,0.00029600057673678847,0.005267189456371889,0.005163190033108678,0.004867189456371889,0.4,0.0004,0.8,0.859961035165199
2024-06-26,40,5,0.00924607676991096,0.0007462050828795725,0.008499871687031387,0.00924607676991096,0.008499871687031387,0.0,0.0,0.8,0.9687482739568232
2024-06-27,40,5,0.005473389496832972,0.0019792283468440214,0.0034941611499889505,0.005273389496832972,0.003294161149988951,0.2,0.0002,0.6000000000000001,0.7505834867599503
2024-06-28,40,5,0.0060513317916892585,0.0032670482828811172,0.0027842835088081413,0.005651331791689258,0.002384283508808141,0.4,0.0004,0.4,0.08358004999875135
2024-07-01,40,5,0.004429537521958551,0.0028031479468810026,0.0016263895750775483,0.004429537521958551,0.0016263895750775483,0.0,0.0,0.4,0.10695444209741467
2024-07-02,40,5,0.006633612639369857,0.0034534153244074896,0.0031801973149623674,0.006433612639369857,0.002980197314962368,0.2,0.0002,0.6000000000000001,0.6365251769994913
2024-07-03,40,5,0.0009382719927324912,0.0015408773200547693,-0.0006026053273222781,0.0007382719927324912,-0.0008026053273222781,0.2,0.0002,0.8,0.8552930365686535
2024-07-05,40,5,0.0009220048399490377,0.0006852042190908126,0.00023680062085822508,0.0009220048399490377,0.00023680062085822508,0.0,0.0,0.8,0.6497269893037405
2024-07-08,40,5,0.000741529841840891,0.0012428245315266513,-0.0005012946896857602,0.000741529841840891,-0.0005012946896857602,0.0,0.0,0.8,0.7141467293181663
2024-07-09,40,5,0.004662972302757349,0.0031359755925611256,0.0015269967101962235,0.0044629723027573495,0.0013269967101962239,0.2,0.0002,0.8,0.4977659301095123
2024-07-10,40,5,-0.008852539873333783,0.00039522065538679876,-0.009247760528720582,-0.009252539873333783,-0.009647760528720581,0.4,0.0004,0.6000000000000001,0.43429440549492426
2024-07-11,40,5,-0.004912879102264474,-0.0002621671343425935,-0.004650711967921881,-0.005112879102264474,-0.00485071196792188,0.2,0.0002,0.6000000000000001,0.29338182674885616
2024-07-12,40,5,-0.006226087068898796,-0.00239722246302028,-0.003828864605878516,-0.006426087068898796,-0.004028864605878516,0.2,0.0002,0.4,0.4109249516558542
2024-07-15,40,5,-0.0048255258204861606,-0.0013514840858232413,-0.0034740417346629192,-0.005225525820486161,-0.0038740417346629194,0.4,0.0004,0.4,0.330505773769616
2024-07-16,40,5,-0.008157356044412364,-0.0032375526553072563,-0.004919803389105108,-0.008557356044412363,-0.005319803389105107,0.4,0.0004,0.4,-0.045906407828667284
2024-07-17,40,5,-0.008370212772978194,-0.005385087337763308,-0.0029851254352148858,-0.008570212772978194,-0.0031851254352148863,0.2,0.0002,0.4,0.03740678497722172
2024-07-18,40,5,-0.006563354444715971,-0.0039895092475911945,-0.0025738451971247765,-0.006763354444715971,-0.002773845197124776,0.2,0.0002,0.4,0.2324790952595066
2024-07-19,40,5,-0.0017928448675410859,-0.0007164158831948297,-0.0010764289843462561,-0.001992844867541086,-0.0012764289843462562,0.2,0.0002,0.4,0.01640494934051162
2024-07-22,40,5,-0.0009086450874639818,-0.002198495937290649,0.0012898508498266673,-0.001108645087463982,0.0010898508498266672,0.2,0.0002,0.4,0.008650482931741976
2024-07-23,40,5,0.0058367419819241335,-0.002554874193019248,0.008391616174943382,0.005036741981924133,0.007591616174943382,0.8,0.0008,0.4,-0.4823519121337121
2024-07-24,40,5,0.005209881851514079,0.0028772123757709904,0.002332669475743089,0.00500988185151408,0.0021326694757430893,0.2,0.0002,0.4,-0.4930334953667348
2024-07-25,40,5,0.003956884190540388,0.001616645209268481,0.002340238981271907,0.003756884190540388,0.002140238981271907,0.2,0.0002,0.4,-0.5380429697328069
2024-07-26,40,5,0.007969773196393385,-0.003970154763002011,0.011939927959395396,0.007569773196393385,0.011539927959395395,0.4,0.0004,0.4,-0.013677667893514212
2024-07-29,40,5,0.000995411361637566,-0.009539288189957114,0.01053469955159468,0.0005954113616375659,0.01013469955159468,0.4,0.0004,0.6000000000000001,0.1448762606441214
2024-07-30,40,5,0.0013837819669052954,-0.007316472203128771,0.008700254170034066,0.0013837819669052954,0.008700254170034066,0.0,0.0,0.6000000000000001,-0.03606970017889921
2024-07-31,40,5,0.0012163016908382663,-0.010517036077941952,0.011733337768780218,0.0012163016908382663,0.011733337768780218,0.0,0.0,0.6000000000000001,0.01773050110492136
2024-08-01,40,5,0.0007933424732995542,-0.004580504271665109,0.005373846744964663,0.0005933424732995542,0.005173846744964663,0.2,0.0002,0.4,0.1221524452872984
2024-08-02,40,5,-0.0014970633941911115,-0.00012294624493313755,-0.0013741171492579738,-0.0016970633941911116,-0.001574117149257974,0.2,0.0002,0.4,0.18001903203635905
2024-08-05,40,5,0.001135750673438487,0.005447625511552225,-0.004311874838113738,0.0009357506734384871,-0.004511874838113738,0.2,0.0002,0.4,-0.21861248192172766
2024-08-06,40,5,0.005108722110883744,0.00681519010214335,-0.0017064679912596062,0.004908722110883744,-0.0019064679912596059,0.2,0.0002,0.4,0.11591167886952292
2024-08-07,40,5,0.004327647104018792,0.009035205939407738,-0.004707558835388946,0.003927647104018792,-0.005107558835388946,0.4,0.0004,0.4,-0.2257571449505491
2024-08-08,40,5,0.008896253597382425,0.007734853868530997,0.0011613997288514276,0.008296253597382425,0.0005613997288514277,0.6000000000000001,0.0006000000000000001,0.2,0.0006244099914667345
2024-08-09,40,5,0.009979448845399853,0.007462154726578359,0.002517294118821494,0.009779448845399852,0.0023172941188214936,0.2,0.0002,0.4,0.05026748803084402
2024-08-12,40,5,0.01294921104190716,0.009801113995368286,0.003148097046538874,0.01274921104190716,0.0029480970465388737,0.2,0.0002,0.4,0.023713661401320252
2024-08-13,40,5,0.0072213652189019135,0.006931596992176202,0.00028976822672571127,0.006821365218901913,-0.00011023177327428892,0.4,0.0004,0.4,0.20859204706242807
2024-08-14,40,5,0.011936915698507508,0.006855320116116769,0.005081595582390739,0.011336915698507508,0.0044815955823907395,0.6000000000000001,0.0006000000000000001,0.4,0.19147769436380813
2024-08-15,40,5,0.0019919726631565915,0.0016319814991924597,0.0003599911639641318,0.0015919726631565916,-4.000883603586815e-05,0.4,0.0004,0.2,0.372258888424458
2024-08-16,40,5,0.0017276451762287515,0.0027881706907470338,-0.0010605255145182822,0.0015276451762287514,-0.0012605255145182823,0.2,0.0002,0.2,-0.17788992127816527
2024-08-19,40,5,0.0012565950619612253,0.0007069702116944221,0.0005496248502668032,0.0008565950619612254,0.00014962485026680326,0.4,0.0004,0.4,-0.28057245372774275
2024-08-20,40,5,0.0016845734655888214,0.0010069254655817345,0.0006776480000070869,0.0012845734655888214,0.0002776480000070869,0.4,0.0004,0.2,-0.13253472406348266
2024-08-21,40,5,-0.002227507921200167,-0.0010876909325502836,-0.0011398169886498834,-0.002427507921200167,-0.0013398169886498835,0.2,0.0002,0.4,0.04740840075703545
2024-08-22,40,5,-8.834860485299245e-05,0.0009291983211524256,-0.001017546926005418,-0.00028834860485299246,-0.001217546926005418,0.2,0.0002,0.2,-0.2712425793903428
2024-08-23,40,5,0.0005864738993282259,0.001551769050495894,-0.0009652951511676681,0.00038647389932822596,-0.001165295151167668,0.2,0.0002,0.4,-0.2334011752146914
2024-08-26,40,5,0.0006287077067572566,-0.002078324809370123,0.0027070325161273794,0.00042870770675725663,0.0025070325161273797,0.2,0.0002,0.2,-0.1839229963709279
2024-08-27,40,5,-0.002346110979288567,-0.002408249043960318,6.21380646717508e-05,-0.0027461109792885673,-0.0003378619353282494,0.4,0.0004,0.4,-0.05368542961610956
2024-08-28,40,5,-0.0002450273196741115,-0.0018369186322390817,0.0015918913125649702,-0.0006450273196741115,0.0011918913125649703,0.4,0.0004,0.4,-0.3871366229606643
2024-08-29,40,5,-0.005221271564368988,-0.005182262056614585,-3.900950775440233e-05,-0.005421271564368987,-0.000239009507754402,0.2,0.0002,0.4,-0.08066264301293202
2024-08-30,40,5,-0.0075006836860781025,-0.005302986333351823,-0.00219769735272628,-0.007700683686078102,-0.0023976973527262795,0.2,0.0002,0.4,0.2580964247247266
2024-09-03,40,5,-0.0018274971625469494,-0.0005126598662221792,-0.0013148372963247702,-0.0020274971625469495,-0.0015148372963247703,0.2,0.0002,0.2,-0.35825471926353814
2024-09-04,40,5,-0.0006427034719842117,0.0010325064222356456,-0.0016752098942198574,-0.0006427034719842117,-0.0016752098942198574,0.0,0.0,0.2,-0.3119280683530796
2024-09-05,40,5,0.003925196473515946,0.0035832072605028855,0.0003419892130130603,0.0037251964735159457,0.00014198921301306023,0.2,0.0002,0.2,-0.0971926503492071
2024-09-06,40,5,0.010559295137631972,0.007631758073250124,0.002927537064381848,0.010359295137631971,0.0027275370643818474,0.2,0.0002,0.4,0.12255610658620597
2024-09-09,40,5,0.00425222451718779,0.006964339490258412,-0.002712114973070622,0.00405222451718779,-0.002912114973070622,0.2,0.0002,0.4,0.022741678234030616
2024-09-10,40,5,0.004710954428503134,0.00560760685032502,-0.000896652421821886,0.004510954428503134,-0.0010966524218218856,0.2,0.0002,0.4,-0.049122928854895775
2024-09-11,40,5,0.005951726602696246,0.003126375905818054,0.002825350696878192,0.005551726602696246,0.002425350696878192,0.4,0.0004,0.2,-0.5104643694402426
2024-09-12,40,5,0.0012852207310825614,0.004119136576446462,-0.002833915845363901,0.0008852207310825614,-0.003233915845363901,0.4,0.0004,0.4,0.5940326112612198
2024-09-13,40,5,0.0003450649297640629,0.003843106733391262,-0.003498041803627199,-5.493507023593712e-05,-0.003898041803627199,0.4,0.0004,0.2,0.5718842080825404
2024-09-16,40,5,0.0003185018784850868,0.002868022380094301,-0.0025495205016092142,-8.14981215149132e-05,-0.0029495205016092144,0.4,0.0004,0.4,0.1664207421972499
2024-09-17,40,5,0.0016921645818910535,0.0034245968699364777,-0.0017324322880454242,0.0014921645818910534,-0.0019324322880454243,0.2,0.0002,0.4,0.013878222642876636
2024-09-18,40,5,7.197664842602868e-05,0.0041625392347198675,-0.004090562586293839,-0.0005280233515739714,-0.004690562586293839,0.6000000000000001,0.0006000000000000001,0.4,-0.06332956149694269
2024-09-19,40,5,0.000626171997292202,0.002116212879081338,-0.0014900408817891358,2.617199729220191e-05,-0.002090040881789136,0.6000000000000001,0.0006000000000000001,0.2,-0.10152850636408672
2024-09-20,40,5,-0.0017748993949115554,0.0011969605690692442,-0.0029718599639807996,-0.0021748993949115554,-0.0033718599639807993,0.4,0.0004,0.2,-0.446681966699483
2024-09-23,40,5,-0.0002851418357175684,0.001370667100321003,-0.0016558089360385712,-0.0004851418357175684,-0.0018558089360385713,0.2,0.0002,0.2,-0.36330148672741913
2024-09-24,40,5,0.0010658661431203064,-0.00044751894223747483,0.001513385085357781,0.0010658661431203064,0.001513385085357781,0.0,0.0,0.2,-0.444113478389518
2024-09-25,40,5,-0.0010028961792622406,-0.0004694339255182073,-0.0005334622537440332,-0.0012028961792622406,-0.0007334622537440333,0.2,0.0002,0.2,-0.004085646600383797
2024-09-26,40,5,-0.001405414498359545,-0.0015548206789323927,0.00014940618057284762,-0.001805414498359545,-0.00025059381942715234,0.4,0.0004,0.4,-0.056895154147252214
2024-09-27,40,5,0.0020539751787726065,0.0007544978410156789,0.0012994773377569277,0.0018539751787726064,0.0010994773377569276,0.2,0.0002,0.4,-0.10832509498144915
2024-09-30,40,5,0.0003375313337965569,-0.00177943217837145,0.002116963512168007,-6.246866620344315e-05,0.001716963512168007,0.4,0.0004,0.6000000000000001,-0.06401935313331819
2024-10-01,40,5,0.003109115659096795,0.0014745257105219466,0.0016345899485748483,0.0027091156590967947,0.0012345899485748481,0.4,0.0004,0.4,-0.027139131985403964
2024-10-02,40,5,0.007328739151395927,0.0033537622476674618,0.003974976903728465,0.006728739151395927,0.0033749769037284653,0.6000000000000001,0.0006000000000000001,0.6000000000000001,-0.05872854251903448
2024-10-03,40,5,0.0020001802807166147,0.0030682993236904165,-0.0010681190429738018,0.0016001802807166148,-0.0014681190429738018,0.4,0.0004,0.4,-0.41721002858969314
2024-10-04,40,5,0.0015655494703906657,0.0022711932988374217,-0.000705643828446756,0.0011655494703906658,-0.001105643828446756,0.4,0.0004,0.2,-0.4288761993961643
2024-10-07,40,5,0.004166233187319275,0.005057111182614905,-0.0008908779952956306,0.0037662331873192746,-0.0012908779952956308,0.4,0.0004,0.2,-0.31265538355707534
2024-10-08,40,5,0.003205019873245831,0.0017836055592720707,0.0014214143139737604,0.003005019873245831,0.0012214143139737603,0.2,0.0002,0.2,-0.20970944804030722
2024-10-09,40,5,0.0037126640800208576,0.0009591723677172082,0.0027534917123036495,0.0035126640800208575,0.0025534917123036494,0.2,0.0002,0.2,-0.2863362919112227
2024-10-10,40,5,0.004082947249458258,0.0014951887945693998,0.0025877584548888583,0.004082947249458258,0.0025877584548888583,0.0,0.0,0.2,-0.35781711143527417
2024-10-11,40,5,0.0023280807644272448,0.0011073933828094462,0.0012206873816177986,0.0017280807644272447,0.0006206873816177985,0.6000000000000001,0.0006000000000000001,0.4,-0.35048855439218585
2024-10-14,40,5,-0.0002764208046700389,-0.000450192222510139,0.00017377141784010006,-0.0004764208046700389,-2.6228582159899924e-05,0.2,0.0002,0.4,-0.2377366257980178
2024-10-15,40,5,-0.0010301643945513426,0.0003760539669157853,-0.0014062183614671278,-0.0012301643945513427,-0.001606218361467128,0.2,0.0002,0.2,-0.2693213852739653
2024-10-16,40,5,-0.003256360062612198,-0.00230143644428637,-0.0009549236183258279,-0.003256360062612198,-0.0009549236183258279,0.0,0.0,0.2,-0.3543443978298271
2024-10-17,40,5,-0.0020392971296150585,-0.002813191576281012,0.0007738944466659536,-0.0020392971296150585,0.0007738944466659536,0.0,0.0,0.2,-0.5588467549260301
2024-10-18,40,5,-0.0025759067158451464,-0.004172538810223122,0.0015966320943779757,-0.0027759067158451465,0.0013966320943779756,0.2,0.0002,0.2,-0.2570804583315507
2024-10-21,40,5,8.188527210936769e-05,-0.0029068367796596475,0.0029887220517690154,-0.00011811472789063232,0.0027887220517690153,0.2,0.0002,0.4,-0.37220461196412913
2024-10-22,40,5,-0.0006203923932530931,-0.00220152291378957,0.001581130520536477,-0.001020392393253093,0.001181130520536477,0.4,0.0004,0.4,-0.18944612360443358
2024-10-23,40,5,0.00063102710850365,-0.001561597431748874,0.002192624540252524,0.00043102710850365,0.001992624540252524,0.2,0.0002,0.4,-0.3854891323282743
2024-10-24,40,5,-0.0038179926060931324,-0.0037180086385099884,-9.998396758314392e-05,-0.004017992606093132,-0.0002999839675831436,0.2,0.0002,0.6000000000000001,0.2722036469358464
2024-10-25,40,5,-0.0014878364097204244,-0.0019374960646138411,0.00044965965489341666,-0.0018878364097204244,4.96596548934167e-05,0.4,0.0004,0.4,-0.3989357111899956
2024-10-28,40,5,-0.001714548489930947,-0.0033853462276018827,0.0016707977376709357,-0.002114548489930947,0.0012707977376709358,0.4,0.0004,0.4,0.3731772201955117
2024-10-29,40,5,0.0012115207241005653,-0.0014815779522386542,0.0026930986763392195,0.0006115207241005653,0.0020930986763392197,0.6000000000000001,0.0006000000000000001,0.4,0.45726513372630606
2024-10-30,40,5,0.012569581488989812,0.0038082797477091103,0.008761301741280703,0.012169581488989813,0.008361301741280702,0.4,0.0004,0.4,0.4399679422274687
2024-10-31,40,5,0.021922367918491482,0.008235419128588684,0.013686948789902799,0.02152236791849148,0.013286948789902797,0.4,0.0004,0.4,0.11378372543206439
2024-11-01,40,5,0.01139883281253141,0.007643858852129294,0.0037549739604021155,0.01099883281253141,0.003354973960402116,0.4,0.0004,0.4,-0.250828434010927
2024-11-04,40,5,0.013576183148654736,0.008688550230086672,0.004887632918568065,0.013376183148654736,0.004687632918568064,0.2,0.0002,0.4,-0.1846574588331933
2024-11-05,40,5,0.01655617689694828,0.0061699723718393095,0.01038620452510897,0.01635617689694828,0.010186204525108971,0.2,0.0002,0.4,-0.3540995785845098
2024-11-06,40,5,0.008062683772273326,0.0021592546984713573,0.005903429073801969,0.007662683772273326,0.005503429073801969,0.4,0.0004,0.4,-0.3954256222842609
2024-11-07,40,5,0.0005319203044645127,-0.0004755743372259552,0.001007494641690468,0.00013192030446451268,0.0006074946416904679,0.4,0.0004,0.4,0.06772115868051642
2024-11-08,40,5,-0.0031456516360432603,-0.003922036306495958,0.0007763846704526979,-0.0035456516360432605,0.0003763846704526977,0.4,0.0004,0.4,0.07020661090870206
2024-11-11,40,5,2.8334110199512706e-05,-0.0036024952750036317,0.0036308293852031445,-0.00037166588980048733,0.0032308293852031443,0.4,0.0004,0.4,0.0143731578439521
2024-11-12,40,5,0.0005490808389638557,-0.002701031966339921,0.0032501128053037767,0.0001490808389638557,0.0028501128053037765,0.4,0.0004,0.4,0.0005631346967120976
2024-11-13,40,5,-0.003374663200467487,-0.002629045359854217,-0.00074561784061327,-0.0037746632004674874,-0.0011456178406132702,0.4,0.0004,0.4,-0.2983201966752773
2024-11-14,40,5,0.0005500650498617033,-0.00013163145266955,0.0006816965025312532,0.0003500650498617033,0.0004816965025312533,0.2,0.0002,0.4,-0.1573642183765891
2024-11-15,40,5,0.0034325018871587875,0.003650018380636981,-0.00021751649347819327,0.0030325018871587874,-0.0006175164934781934,0.4,0.0004,0.2,0.20690066435892618
2024-11-18,40,5,0.00472821261889758,0.0043872085041211616,0.0003410041147764182,0.00432821261889758,-5.899588522358199e-05,0.4,0.0004,0.6000000000000001,-0.00533909676221711
2024-11-19,40,5,0.00827798185266511,0.0048348131437318765,0.003443168708933234,0.00807798185266511,0.0032431687089332336,0.2,0.0002,0.4,0.07238214969630619
2024-11-20,40,5,0.004349231613237024,0.0038168045901365833,0.0005324270231004406,0.004149231613237024,0.000332427023100441,0.2,0.0002,0.4,0.002095232932600055
2024-11-21,40,5,0.0020634358892387314,0.0034110179252409764,-0.001347582036002245,0.0016634358892387315,-0.001747582036002245,0.4,0.0004,0.4,-0.04877307295003419
2024-11-22,40,5,0.004412828809236084,0.0026721693597844577,0.0017406594494516264,0.004012828809236084,0.0013406594494516262,0.4,0.0004,0.2,-0.027016297414085955
2024-11-25,40,5,-0.0028531068315311584,0.0013574351660708445,-0.004210541997602003,-0.0032531068315311586,-0.004610541997602003,0.4,0.0004,0.4,-0.340949039917124
2024-11-26,40,5,-0.0013715466652951091,0.0016217532194851675,-0.0029932998847802764,-0.0015715466652951092,-0.003193299884780277,0.2,0.0002,0.4,-0.09838069500916191
2024-11-27,40,5,-0.0008149197789465879,0.001772285723751006,-0.002587205502697594,-0.0012149197789465879,-0.0029872055026975938,0.4,0.0004,0.4,0.22223269696165815
2024-11-29,40,5,0.004538491399048285,0.0017778069880040842,0.002760684411044201,0.004338491399048286,0.0025606844110442014,0.2,0.0002,0.2,0.2760986744325322
2024-12-02,40,5,0.002872305391808672,-0.00019512200605116992,0.0030674273978598416,0.0026723053918086717,0.0028674273978598415,0.2,0.0002,0.4,0.10108853630257997
2024-12-03,40,5,0.0006746050954075766,-0.0008280423892664996,0.0015026474846740762,0.0004746050954075766,0.0013026474846740761,0.2,0.0002,0.4,-0.14315425315695407
2024-12-04,40,5,-0.006343976810569254,-0.0010192316933556656,-0.005324745117213588,-0.0067439768105692546,-0.005724745117213589,0.4,0.0004,0.4,-0.034924195396140334
2024-12-05,40,5,-0.005393002477345586,-0.0019014902717283447,-0.003491512205617241,-0.005993002477345586,-0.0040915122056172405,0.6000000000000001,0.0006000000000000001,0.4,0.035152093964875064
2024-12-06,40,5,-0.000723159712789676,-0.0025398927653688544,0.0018167330525791785,-0.000923159712789676,0.0016167330525791784,0.2,0.0002,0.4,0.25772042756700486
2024-12-09,40,5,-0.0073995262348647865,-0.0004696525389910738,-0.006929873695873712,-0.007999526234864787,-0.007529873695873713,0.6000000000000001,0.0006000000000000001,0.4,-0.2334518449016585
2024-12-10,40,5,-0.0063338673462621075,-0.0002882097021275498,-0.006045657644134558,-0.006733867346262108,-0.006445657644134558,0.4,0.0004,0.4,0.029350159829256484
2024-12-11,40,5,-0.010870579002284875,-0.006350996586548516,-0.00451958241573636,-0.011270579002284875,-0.004919582415736359,0.4,0.0004,0.4,0.22395229210613365
2024-12-12,40,5,-0.005517980744144522,-0.005091082582105563,-0.00042689816203895885,-0.006317980744144522,-0.0012268981620389592,0.8,0.0008,0.6000000000000001,0.013398555052649641
2024-12-13,40,5,-0.0027264441340349244,-0.0034570933314560003,0.0007306491974210759,-0.0031264441340349246,0.0003306491974210757,0.4,0.0004,0.6000000000000001,0.23506452400415512
2024-12-16,40,5,-0.005365080345132611,-0.0023846168069425687,-0.0029804635381900425,-0.005565080345132611,-0.003180463538190042,0.2,0.0002,0.8,0.07630227150966462
2024-12-17,40,5,-0.004233716066543205,-2.7951320395642184e-05,-0.004205764746147563,-0.004433716066543205,-0.0044057647461475625,0.2,0.0002,0.6000000000000001,-0.18387579616546645
2024-12-18,40,5,0.002458019847308166,0.005148735951604981,-0.0026907161042968152,0.002258019847308166,-0.0028907161042968153,0.2,0.0002,0.6000000000000001,-0.27915839847602797
2024-12-19,40,5,0.004558019153811892,0.0036268975869601467,0.0009311215668517453,0.004158019153811892,0.0005311215668517451,0.4,0.0004,0.8,0.042690718350083756
2024-12-20,40,5,0.00019430868874515284,-0.0006061464316150673,0.0008004551203602201,-5.69131125484717e-06,0.0006004551203602201,0.2,0.0002,0.6000000000000001,-0.019418087179204235
2024-12-23,40,5,-0.0027432953229905087,-0.0022088574298010947,-0.0005344378931894139,-0.003143295322990509,-0.0009344378931894141,0.4,0.0004,0.6000000000000001,0.23885979675472768
2024-12-24,40,5,-0.004733319300579337,-0.004361993108470995,-0.0003713261921083422,-0.004933319300579337,-0.0005713261921083419,0.2,0.0002,0.4,0.34672008802124665
2024-12-26,40,5,-0.00387184227800327,-0.0030088712664218882,-0.0008629710115813818,-0.00387184227800327,-0.0008629710115813818,0.0,0.0,0.4,0.4076302321590326
2024-12-27,40,5,-0.0006255438048156715,-0.0010716683701507662,0.0004461245653350947,-0.0010255438048156714,4.6124565335094745e-05,0.4,0.0004,0.6000000000000001,0.13114772228363591
2024-12-30,40,5,0.00011695189970132081,0.0003061869373529297,-0.0001892350376516089,0.00011695189970132081,-0.0001892350376516089,0.0,0.0,0.6000000000000001,0.07355656261544397
2024-12-31,40,5,0.0013063841361305696,0.00029838044463671883,0.0010080036914938508,0.0011063841361305695,0.0008080036914938506,0.2,0.0002,0.6000000000000001,0.34955459101641395
2025-01-02,40,5,-0.001822615532636105,-0.002365356711426395,0.0005427411787902901,-0.001822615532636105,0.0005427411787902901,0.0,0.0,0.6000000000000001,0.4214395829742337
2025-01-03,40,5,-0.0020480248235043553,-0.003038302008232663,0.0009902771847283076,-0.0024480248235043555,0.0005902771847283075,0.4,0.0004,0.4,0.23507061401804563
2025-01-06,40,5,-0.00575436442491255,-0.003397270971665084,-0.0023570934532474662,-0.00595436442491255,-0.002557093453247466,0.2,0.0002,0.4,0.24597573306258624
2025-01-07,40,5,-0.0004697933324260939,-2.918090063591172e-05,-0.00044061243179018217,-0.0008697933324260939,-0.0008406124317901822,0.4,0.0004,0.4,0.3224044112219495
2025-01-08,40,5,-0.0006081609107473661,8.964037797650149e-05,-0.0006978012887238676,-0.0008081609107473661,-0.0008978012887238677,0.2,0.0002,0.4,0.22033368577527668
2025-01-10,40,5,0.004723443568671501,0.005051913218247382,-0.00032846964957588057,0.004523443568671502,-0.0005284696495758802,0.2,0.0002,0.4,0.18184743068931652
2025-01-13,40,5,0.009143049332821635,0.00679795142681662,0.002345097906005015,0.008943049332821635,0.0021450979060050144,0.2,0.0002,0.4,0.08778145195864084
2025-01-14,40,5,0.008597830584315092,0.00812933681285819,0.0004684937714569022,0.008597830584315092,0.0004684937714569022,0.0,0.0,0.4,0.06851828045202879
2025-01-15,40,5,0.006243431711328027,0.0074355782228475165,-0.0011921465115194898,0.0058434317113280265,-0.00159214651151949,0.4,0.0004,0.4,0.4613953155094812
2025-01-16,40,5,0.009651304454962739,0.007445051861890632,0.0022062525930721067,0.00925130445496274,0.0018062525930721074,0.4,0.0004,0.4,-0.08016159052267113
2025-01-17,40,5,-0.0019054089189925838,0.00470982860422194,-0.006615237523214523,-0.002105408918992584,-0.006815237523214524,0.2,0.0002,0.4,-0.37566653572747555
2025-01-21,40,5,-0.004938995913097557,0.002673642288500635,-0.007612638201598191,-0.005138995913097556,-0.007812638201598191,0.2,0.0002,0.4,-0.22493148778730898
2025-01-22,40,5,-0.006836401649641166,0.001637379695292876,-0.008473781344934043,-0.007236401649641166,-0.008873781344934042,0.4,0.0004,0.6000000000000001,-0.23982592073165065
2025-01-23,40,5,-0.0018156251016346481,0.002283824548385234,-0.004099449650019882,-0.002415625101634648,-0.004699449650019882,0.6000000000000001,0.0006000000000000001,0.4,0.07526555935803003
2025-01-24,40,5,-0.005598979419307311,0.001015229668448359,-0.00661420908775567,-0.005998979419307311,-0.0070142090877556695,0.4,0.0004,0.6000000000000001,-0.10496735571655336
2025-01-27,40,5,-0.00022412955788603028,0.0016077824635435437,-0.001831912021429574,-0.0004241295578860303,-0.002031912021429574,0.2,0.0002,0.6000000000000001,0.21594821436466205
2025-01-28,40,5,-0.0030860890991751644,0.001847324427592323,-0.0049334135267674875,-0.0030860890991751644,-0.0049334135267674875,0.0,0.0,0.6000000000000001,0.4018968391616795
2025-01-29,40,5,0.005281644828489522,0.0020867752916853112,0.003194869536804211,0.005081644828489522,0.002994869536804211,0.2,0.0002,0.4,0.43442718797191304
2025-01-30,40,5,0.005675159040394737,-0.0009619422219231672,0.006637101262317904,0.005275159040394737,0.006237101262317904,0.4,0.0004,0.8,0.5708802357662925
2025-01-31,40,5,0.003689735672702521,-0.0013014054501624217,0.004991141122864942,0.003089735672702521,0.0043911411228649425,0.6000000000000001,0.0006000000000000001,0.4,0.3412703930612473
2025-02-03,40,5,0.0054579647307728425,0.000846291922359127,0.004611672808413715,0.005057964730772842,0.004211672808413715,0.4,0.0004,0.4,-0.023977971069953696
2025-02-04,40,5,0.0008252841827218971,0.0010027186673296274,-0.00017743448460773032,0.0006252841827218971,-0.0003774344846077303,0.2,0.0002,0.2,0.17805129596172264
2025-02-05,40,5,-0.003242018205046935,0.0004429700357353167,-0.0036849882407822515,-0.003842018205046935,-0.004284988240782252,0.6000000000000001,0.0006000000000000001,0.4,0.0742951947265098
2025-02-06,40,5,-0.0020161670165310896,0.0027452136451152714,-0.004761380661646361,-0.0024161670165310897,-0.005161380661646361,0.4,0.0004,0.2,0.31857330952419716
2025-02-07,40,5,0.0005312968302034005,0.0038597352688416716,-0.003328438438638271,0.0003312968302034005,-0.003528438438638271,0.2,0.0002,0.4,0.22568245040167412
2025-02-10,40,5,0.002025155553755451,0.003018924196777379,-0.0009937686430219281,0.001625155553755451,-0.0013937686430219281,0.4,0.0004,0.2,-0.15878517058099462
2025-02-11,40,5,0.004418764964270778,0.00234319312250229,0.0020755718417684883,0.0042187649642707785,0.0018755718417684886,0.2,0.0002,0.4,-0.3711609086224854
2025-02-12,40,5,0.002816221938688792,0.001458519584905304,0.0013577023537834879,0.002816221938688792,0.0013577023537834879,0.0,0.0,0.4,-0.5059984932945092
2025-02-13,40,5,-0.006104370124269045,-0.0031437480353142164,-0.0029606220889548287,-0.006304370124269045,-0.0031606220889548284,0.2,0.0002,0.4,-0.12287699174408218
2025-02-14,40,5,-0.007843088574796386,-0.0027350161132417643,-0.005108072461554621,-0.007843088574796386,-0.005108072461554621,0.0,0.0,0.4,-0.0019602073669986453
2025-02-18,40,5,-0.006708793962308243,-0.003660588040450256,-0.0030482059218579867,-0.007108793962308243,-0.003448205921857987,0.4,0.0004,0.4,0.5751268540441963
2025-02-19,40,5,-0.0038082380857553224,-0.004454503164681186,0.0006462650789258633,-0.004008238085755322,0.0004462650789258636,0.2,0.0002,0.4,0.3474171653789533
2025-02-20,40,5,-0.00540603828193436,-0.005676208598459695,0.0002701703165253356,-0.00580603828193436,-0.0001298296834746646,0.4,0.0004,0.2,0.3721847594290608
2025-02-21,40,5,0.00230507589125768,-0.00019237639814525975,0.0024974522894029394,0.0021050758912576797,0.0022974522894029393,0.2,0.0002,0.4,0.002092033262492521
2025-02-24,40,5,-0.00044513806072991717,-0.002461155085627325,0.002016017024897408,-0.0006451380607299172,0.001816017024897408,0.2,0.0002,0.4,0.1081179596130184
2025-02-25,40,5,-0.0029759326920970877,-0.004872374384987239,0.001896441692890151,-0.003375932692097088,0.001496441692890151,0.4,0.0004,0.2,0.0016034652276673
2025-02-26,40,5,-0.010852802169805513,-0.002838099576604492,-0.008014702593201022,-0.011452802169805513,-0.008614702593201021,0.6000000000000001,0.0006000000000000001,0.4,0.8064515701712871
2025-02-27,40,5,-0.007890400953754598,-0.00346590130535316,-0.004424499648401439,-0.008090400953754599,-0.004624499648401439,0.2,0.0002,0.4,0.7368045452016396
2025-02-28,40,5,-0.0012033284972186786,-0.005253041943753321,0.0040497134465346425,-0.0016033284972186786,0.0036497134465346423,0.4,0.0004,0.4,-0.021973827967737947
2025-03-03,40,5,-0.003735728820681379,-0.007043789511482735,0.0033080606908013556,-0.004135728820681379,0.002908060690801356,0.4,0.0004,0.2,-0.2309905223764268
2025-03-04,40,5,-0.004268932432125627,-0.00677317700714698,0.0025042445750213527,-0.004468932432125627,0.002304244575021353,0.2,0.0002,0.4,-0.4508191441076228
2025-03-05,40,5,-0.006362889425821527,-0.007753357258722988,0.0013904678329014607,-0.006562889425821527,0.001190467832901461,0.2,0.0002,0.4,0.13127032377119008
2025-03-06,40,5,-0.003712287106165211,-0.007446702370976358,0.0037344152648111466,-0.003912287106165211,0.003534415264811147,0.2,0.0002,0.4,0.19731696964561962
2025-03-07,40,5,0.000348797864873398,-0.005292285198625679,0.005641083063499077,0.000348797864873398,0.005641083063499077,0.0,0.0,0.4,0.09152691824930059
2025-03-10,40,5,0.011790221800081838,0.0016054288700013374,0.0101847929300805,0.011590221800081837,0.0099847929300805,0.2,0.0002,0.4,-0.11800228176457139
2025-03-11,40,5,0.014461823335478815,0.0017030534237240352,0.01275876991175478,0.014261823335478815,0.01255876991175478,0.2,0.0002,0.6000000000000001,-0.23718423803400057
2025-03-12,40,5,0.005767155239600119,0.0024335470659422958,0.003333608173657823,0.005567155239600119,0.0031336081736578233,0.2,0.0002,0.4,-0.0956717872214341
2025-03-13,40,5,0.005185556380224833,0.004697973725463237,0.0004875826547615968,0.004785556380224833,8.758265476159662e-05,0.4,0.0004,0.4,-0.3531113297832569
2025-03-14,40,5,0.000543325250894604,0.0012727794246521252,-0.0007294541737575212,0.000143325250894604,-0.0011294541737575212,0.4,0.0004,0.2,-0.3708812775316517
2025-03-17,40,5,-0.0041869078964757375,0.0018206910829803072,-0.006007598979456045,-0.0041869078964757375,-0.006007598979456045,0.0,0.0,0.2,-0.294716341795052
2025-03-18,40,5,-0.0016893729966474425,0.0038224854642727943,-0.0055118584609202366,-0.0018893729966474426,-0.005711858460920237,0.2,0.0002,0.2,-0.4567759216242102
2025-03-19,40,5,-0.0020594695620981575,0.0002812690890341341,-0.0023407386511322915,-0.0022594695620981576,-0.0025407386511322916,0.2,0.0002,0.2,-0.3765848273176715
2025-03-20,40,5,-0.0026381667359939207,0.0002601003946752445,-0.002898267130669165,-0.002838166735993921,-0.003098267130669165,0.2,0.0002,0.4,-0.2758079081103517
2025-03-21,40,5,-0.0012730790670028602,-0.003539733027138002,0.002266653960135142,-0.0014730790670028603,0.002066653960135142,0.2,0.0002,0.2,-0.2682028724038297
2025-03-24,40,5,-0.0026664185453186737,-0.004972210320260441,0.002305791774941767,-0.0026664185453186737,0.002305791774941767,0.0,0.0,0.2,-0.11663248320422426
2025-03-25,40,5,-0.001115164056712974,-0.005224953898062257,0.004109789841349283,-0.0013151640567129741,0.003909789841349282,0.2,0.0002,0.2,-0.20496044112549328
2025-03-26,40,5,-0.002026226764069929,-0.0027364272538195713,0.0007102004897496421,-0.002026226764069929,0.0007102004897496421,0.0,0.0,0.2,-0.14149384042795177
2025-03-27,40,5,-0.003326631948074059,-0.010148824587999398,0.00682219263992534,-0.003526631948074059,0.006622192639925339,0.2,0.0002,0.4,-0.043032315820560996
2025-03-28,40,5,-0.012946106372652847,-0.01725678558792206,0.004310679215269212,-0.013146106372652847,0.004110679215269211,0.2,0.0002,0.4,-0.17171756697993956
2025-03-31,40,5,-0.016157419243948985,-0.019064696783979908,0.0029072775400309225,-0.016357419243948984,0.0027072775400309237,0.2,0.0002,0.4,-0.1777744060790134
2025-04-01,40,5,-0.015810697920422032,-0.021284349033550847,0.005473651113128815,-0.01601069792042203,0.005273651113128816,0.2,0.0002,0.4,-0.2179121694462367
2025-04-02,40,5,8.412967708692154e-05,-0.006953531179503429,0.007037660856590351,-0.00011587032291307847,0.0068376608565903505,0.2,0.0002,0.2,-0.011159069160846968
2025-04-03,40,5,-0.0005281043018309451,-0.005364900837043811,0.004836796535212865,-0.0005281043018309451,0.004836796535212865,0.0,0.0,0.2,0.15466347936910907
2025-04-04,40,5,0.009837094089493256,0.009558733865342553,0.00027836022415070327,0.009437094089493257,-0.00012163977584929604,0.4,0.0004,0.4,-0.16370838212699468
2025-04-07,40,5,0.017136112653070558,0.011903782087410178,0.00523233056566038,0.01693611265307056,0.005032330565660381,0.2,0.0002,0.4,-0.09286859513910528
2025-04-08,40,5,0.017299570959822114,0.014486434838450107,0.002813136121372007,0.017099570959822116,0.002613136121372008,0.2,0.0002,0.4,0.13269964907928866
2025-04-09,40,5,-0.0008115266631573447,-0.006342255439786336,0.005530728776628991,-0.0012115266631573447,0.005130728776628991,0.4,0.0004,0.2,-0.0011413272522418083
2025-04-10,40,5,-0.004431180192369077,0.0009180912216712739,-0.005349271414040351,-0.005031180192369077,-0.0059492714140403505,0.6000000000000001,0.0006000000000000001,0.4,0.11037300721865506
2025-04-11,40,5,-0.009726730753923149,-0.005908673028499924,-0.0038180577254232247,-0.010126730753923148,-0.004218057725423224,0.4,0.0004,0.4,0.11970150089258169
2025-04-14,40,5,-0.008638074049865448,-0.0028234122077125936,-0.005814661842152854,-0.008838074049865448,-0.0060146618421528545,0.2,0.0002,0.4,-0.05462798439013028
2025-04-15,40,5,-0.010794226071114073,0.0001592349834071061,-0.01095346105452118,-0.011394226071114073,-0.01155346105452118,0.6000000000000001,0.0006000000000000001,0.4,0.08673189481488564
2025-04-16,40,5,-0.0019574451787825976,0.007409899409598341,-0.009367344588380937,-0.0021574451787825977,-0.009567344588380938,0.2,0.0002,0.2,0.0531435395418427
2025-04-17,40,5,0.0061978550133630385,0.0076597190243859236,-0.001461864011022885,0.005797855013363038,-0.0018618640110228853,0.4,0.0004,0.4,0.37421316112554237
2025-04-21,40,5,0.008620829468806704,0.012018659720958662,-0.0033978302521519583,0.008020829468806704,-0.003997830252151958,0.6000000000000001,0.0006000000000000001,0.4,0.14447839212471436
2025-04-22,40,5,0.010578894480986083,0.007863790059699938,0.0027151044212861443,0.010178894480986083,0.002315104421286145,0.4,0.0004,0.4,0.29108882799598845
2025-04-23,40,5,0.002093349669299309,0.005751257111779362,-0.0036579074424800528,0.001493349669299309,-0.004257907442480053,0.6000000000000001,0.0006000000000000001,0.4,0.08528372721002597
2025-04-24,40,5,0.0018925394221552462,0.0026819754537300345,-0.0007894360315747883,0.0016925394221552462,-0.0009894360315747884,0.2,0.0002,0.4,-0.13986748886816258
2025-04-25,40,5,0.004909123999509055,0.005064560713456038,-0.00015543671394698325,0.004709123999509055,-0.0003554367139469829,0.2,0.0002,0.4,0.1076609855062749
2025-04-28,40,5,0.006441431815277961,0.0037746969651963913,0.0026667348500815694,0.005841431815277961,0.0020667348500815696,0.6000000000000001,0.0006000000000000001,0.6000000000000001,0.4687540357059419
2025-04-29,40,5,0.001966284662388378,0.0010469568651680949,0.0009193277972202832,0.001766284662388378,0.0007193277972202831,0.2,0.0002,0.4,0.26445326425438154
2025-04-30,40,5,0.009359032471207954,0.0018568412913797174,0.0075021911798282374,0.008959032471207955,0.007102191179828238,0.4,0.0004,0.6000000000000001,0.4261810299012829
2025-05-01,40,5,0.006370757742190598,0.0025847763863200758,0.0037859813558705226,0.006170757742190599,0.003585981355870523,0.2,0.0002,0.4,-0.1042933001269617
2025-05-02,40,5,3.4001428670444866e-05,-0.0012885883324116794,0.0013225897610821243,-0.00016599857132955514,0.0011225897610821242,0.2,0.0002,0.4,-0.05035757239777183
2025-05-05,40,5,0.007816669602419113,0.005806336510270449,0.002010333092148664,0.007816669602419113,0.002010333092148664,0.0,0.0,0.4,0.0007857647210620655
2025-05-06,40,5,0.015201453066878506,0.0077193871667182124,0.007482065900160294,0.015201453066878506,0.007482065900160294,0.0,0.0,0.4,0.13762502767831464
2025-05-07,40,5,0.007575266161293119,0.005902134336891529,0.00167313182440159,0.00737526616129312,0.0014731318244015903,0.2,0.0002,0.2,-0.026971699526264103
2025-05-08,40,5,0.004752685616613262,0.006289558767742098,-0.0015368731511288362,0.004552685616613262,-0.001736873151128836,0.2,0.0002,0.4,0.24519543270874067
2025-05-09,40,5,0.00692831371591133,0.008785435627488677,-0.0018571219115773464,0.0063283137159113306,-0.002457121911577346,0.6000000000000001,0.0006000000000000001,0.4,0.30521111619365726
2025-05-12,40,5,0.004592687609205974,0.0030344180622034513,0.0015582695470025224,0.004392687609205974,0.0013582695470025228,0.2,0.0002,0.4,-0.1003795141254642
2025-05-13,40,5,0.003391581034005089,0.002600073212698885,0.0007915078213062039,0.0029915810340050888,0.00039150782130620374,0.4,0.0004,0.4,0.14248627225513744
2025-05-14,40,5,-0.0021777362696809984,0.00022380185694233058,-0.002401538126623329,-0.0023777362696809985,-0.002601538126623329,0.2,0.0002,0.4,-0.13338483881008045
2025-05-15,40,5,-0.0016276249758095183,-0.001185677373292634,-0.0004419476025168843,-0.0018276249758095184,-0.0006419476025168844,0.2,0.0002,0.4,0.22097038602982977
2025-05-16,40,5,-0.0034485884971643976,-0.004434850151398406,0.0009862616542340081,-0.0036485884971643977,0.000786261654234008,0.2,0.0002,0.2,-0.027279973639899424
2025-05-19,40,5,0.0005086184143690486,-0.0011806819217270747,0.0016893003360961233,0.0003086184143690486,0.0014893003360961234,0.2,0.0002,0.4,-0.19811503071833414
2025-05-20,40,5,-0.0028918604600996333,-0.0016382098047352876,-0.0012536506553643457,-0.0030918604600996334,-0.0014536506553643458,0.2,0.0002,0.4,0.04510881107080422
2025-05-21,40,5,0.00367944557969909,0.0015429231953616672,0.0021365223843374226,0.0032794455796990897,0.0017365223843374225,0.4,0.0004,0.2,0.6656314453783096
2025-05-22,40,5,0.0031935540428808377,0.0021780482187276863,0.0010155058241531514,0.0029935540428808376,0.0008155058241531513,0.2,0.0002,0.2,0.6138571967536706
2025-05-23,40,5,0.005769435608784344,0.004333574664777763,0.001435860944006581,0.005369435608784344,0.0010358609440065808,0.4,0.0004,0.6000000000000001,-0.05019938092551257
2025-05-27,40,5,0.0016243000094928607,0.0015192604209563537,0.00010503958853650699,0.0012243000094928607,-0.000294960411463493,0.4,0.0004,0.2,0.22669240633459964
2025-05-28,40,5,0.0033537605607577613,0.002942371455948182,0.00041138910480957927,0.003153760560757761,0.00021138910480957918,0.2,0.0002,0.2,-0.1209662932273119
2025-05-29,40,5,-0.0004029459040890515,0.0018128843667256707,-0.0022158302708147224,-0.0006029459040890515,-0.002415830270814722,0.2,0.0002,0.4,-0.12047344738792987
2025-05-30,40,5,0.0013713997671907841,0.003292712813509875,-0.001921313046319091,0.001171399767190784,-0.002121313046319091,0.2,0.0002,0.4,-0.10118987820568037
2025-06-02,40,5,0.005263536857630653,0.003170451968291825,0.002093084889338828,0.0050635368576306536,0.0018930848893388284,0.2,0.0002,0.4,-0.3294961814980475
2025-06-03,40,5,0.005073469305004874,0.0037796249640394955,0.001293844340965379,0.004873469305004875,0.0010938443409653793,0.2,0.0002,0.4,-0.24594835224256784
2025-06-04,40,5,0.0031051492985226534,0.0026020725793577375,0.0005030767191649159,0.0029051492985226533,0.00030307671916491577,0.2,0.0002,0.4,-0.3410772470409924
2025-06-05,40,5,0.005194003299191774,0.004575248241190257,0.0006187550580015171,0.004394003299191773,-0.00018124494199848323,0.8,0.0008,0.4,0.21183215724157023
2025-06-06,40,5,0.0007938812214190705,0.000209672788279332,0.0005842084331397386,0.0005938812214190706,0.00038420843313973857,0.2,0.0002,0.6000000000000001,0.7829958583269985
2025-06-09,40,5,0.012379217896335773,0.0012592037000247619,0.01112001419631101,0.012179217896335772,0.01092001419631101,0.2,0.0002,0.8,0.8120207234876666
2025-06-10,40,5,0.008500378216038369,-0.002211828773512135,0.010712206989550504,0.008300378216038368,0.010512206989550504,0.2,0.0002,0.8,0.6282439690755481
2025-06-11,40,5,0.006155453361850057,-0.0019851947251869357,0.008140648087036993,0.005955453361850057,0.007940648087036994,0.2,0.0002,0.6000000000000001,0.43215291990005156
2025-06-12,40,5,-0.001042395192262222,-0.0037087796089885798,0.002666384416726358,-0.001242395192262222,0.0024663844167263577,0.2,0.0002,0.6000000000000001,0.625346003453739
2025-06-13,40,5,0.005897716294171169,0.0007539723264755366,0.005143743967695633,0.005697716294171169,0.004943743967695632,0.2,0.0002,0.6000000000000001,0.5764301003184471
2025-06-16,40,5,0.004193725263224599,0.001996514977986214,0.002197210285238385,0.003993725263224599,0.001997210285238385,0.2,0.0002,0.6000000000000001,0.6325785628725242
2025-06-17,40,5,0.00666131714135135,0.0038371179734252867,0.002824199167926063,0.00666131714135135,0.002824199167926063,0.0,0.0,0.6000000000000001,0.5754006749169527
2025-06-18,40,5,0.00710132799160557,0.005582091168862406,0.0015192368227431646,0.00670132799160557,0.0011192368227431644,0.4,0.0004,0.4,0.4659506520169785
2025-06-20,40,5,0.01581390922337708,0.008159594478458536,0.007654314744918546,0.015413909223377082,0.0072543147449185465,0.4,0.0004,0.8,1.0645129952736667
2025-06-23,40,5,0.02007760507286706,0.007007191768591001,0.01307041330427606,0.019877605072867063,0.012870413304276062,0.2,0.0002,0.8,0.6750959974099864
2025-06-24,40,5,0.012433113078657554,0.004699939507560794,0.00773317357109676,0.012033113078657554,0.00733317357109676,0.4,0.0004,0.4,0.05609397844976627
2025-06-25,40,5,0.017959582824100224,0.004989216272196242,0.012970366551903981,0.017559582824100223,0.01257036655190398,0.4,0.0004,0.4,-0.3708552348098131
2025-06-26,40,5,0.014161331417590942,0.005128539079717067,0.009032792337873876,0.013961331417590941,0.008832792337873874,0.2,0.0002,0.4,0.041579955885151065
2025-06-27,40,5,0.003400814380347783,0.0016545269387966872,0.0017462874415510958,0.003000814380347783,0.0013462874415510956,0.4,0.0004,0.6000000000000001,0.39272050361404354
2025-06-30,40,5,0.003091171286740737,0.000643104074023203,0.0024480672127175336,0.0026911712867407366,0.0020480672127175335,0.4,0.0004,0.4,0.11768237533396686
2025-07-01,40,5,0.002232549837255804,0.000587694486393166,0.0016448553508626382,0.002032549837255804,0.001444855350862638,0.2,0.0002,0.4,0.4831042704653221
2025-07-02,40,5,-9.879826561104642e-05,0.0010125549981203968,-0.0011113532637314432,-0.0002987982656110464,-0.0013113532637314433,0.2,0.0002,0.4,0.4042454105831119
2025-07-03,40,5,-0.0035910086749662896,-0.0013100399566767155,-0.002280968718289574,-0.0035910086749662896,-0.002280968718289574,0.0,0.0,0.4,0.3270765328868457
2025-07-07,40,5,-0.00024549880499906255,0.00038541907268373313,-0.0006309178776827957,-0.00044549880499906254,-0.0008309178776827956,0.2,0.0002,0.4,0.010012167092863677
2025-07-08,40,5,0.0033475740882924,-0.00041839287653849865,0.0037659669648308987,0.0031475740882924,0.0035659669648308986,0.2,0.0002,0.4,0.24737777692651264
2025-07-09,40,5,0.007121413495320902,-0.0003111488722997324,0.007432562367620635,0.006921413495320903,0.007232562367620635,0.2,0.0002,0.4,-0.09980787042908545
2025-07-10,40,5,0.006250115227006274,8.091630911301051e-06,0.006242023596094973,0.006050115227006274,0.006042023596094973,0.2,0.0002,0.4,0.15198874268167728
2025-07-11,40,5,0.006502710769407827,0.00019307160338688344,0.006309639166020943,0.006502710769407827,0.006309639166020943,0.0,0.0,0.4,0.05235205042976432
2025-07-14,40,5,0.006914119990097944,0.0005437070474316924,0.006370412942666252,0.006514119990097944,0.005970412942666252,0.4,0.0004,0.6000000000000001,-0.12275293632653117
2025-07-15,40,5,0.007244256555903964,0.0023653641824146975,0.0048788923734892665,0.007044256555903964,0.004678892373489266,0.2,0.0002,0.4,-0.09788365434552304
2025-07-16,40,5,0.008574749838502286,0.003769094404827219,0.004805655433675067,0.008174749838502287,0.004405655433675068,0.4,0.0004,0.6000000000000001,-0.13098966789649324
2025-07-17,40,5,0.0014311071862155166,0.0026614935994001407,-0.001230386413184624,0.0012311071862155165,-0.0014303864131846242,0.2,0.0002,0.6000000000000001,-0.04736639203804671
2025-07-18,40,5,0.005934290767395152,0.0037878994559325746,0.002146391311462577,0.005534290767395152,0.001746391311462577,0.4,0.0004,0.6000000000000001,0.23809724772920404
2025-07-21,40,5,0.015618028798621713,0.0035437594874246276,0.012074269311197086,0.015218028798621714,0.011674269311197086,0.4,0.0004,0.4,-0.18046157881135372
2025-07-22,40,5,0.00960887739369102,0.00197212166471737,0.007636755728973651,0.00940887739369102,0.00743675572897365,0.2,0.0002,0.4,0.011814105720183932
2025-07-23,40,5,0.005457337487772947,-0.000628208410092938,0.0060855458978658844,0.005257337487772947,0.005885545897865885,0.2,0.0002,0.4,-0.15107044678518378
2025-07-24,40,5,0.00195488019072815,-0.00239438846764889,0.00434926865837704,0.00195488019072815,0.00434926865837704,0.0,0.0,0.4,-0.25915954821317655
2025-07-25,40,5,-0.0011162004142122584,-0.005085781826394358,0.003969581412182099,-0.0011162004142122584,0.003969581412182099,0.0,0.0,0.4,-0.21062256173109972
2025-07-28,40,5,-0.0001422328175208021,-0.0030788406108620825,0.0029366077933412806,-0.0001422328175208021,0.0029366077933412806,0.0,0.0,0.4,0.11794101467188156
2025-07-29,40,5,-0.004352292502851447,-0.0027306758380336344,-0.0016216166648178125,-0.0045522925028514466,-0.0018216166648178122,0.2,0.0002,0.4,-0.06303509294165366
2025-07-30,40,5,-0.006299484278353322,-0.001486965750526264,-0.004812518527827058,-0.006299484278353322,-0.004812518527827058,0.0,0.0,0.4,-0.013849827394530223
2025-07-31,40,5,-0.0011153075816115576,-0.0005673993351162426,-0.000547908246495315,-0.0015153075816115576,-0.000947908246495315,0.4,0.0004,0.6000000000000001,0.8341100282789817
2025-08-01,40,5,0.002805091478919337,0.003468615386548548,-0.000663523907629211,0.002605091478919337,-0.0008635239076292111,0.2,0.0002,0.6000000000000001,0.46953265165397085
2025-08-04,40,5,0.0015050407519484076,0.0007462994613634504,0.0007587412905849572,0.0011050407519484077,0.00035874129058495723,0.4,0.0004,0.4,0.9116572518594204
2025-08-05,40,5,0.00550599931077742,0.0031289613932975594,0.002377037917479861,0.00510599931077742,0.001977037917479861,0.4,0.0004,0.4,-0.0484051078197254
2025-08-06,40,5,0.009833522243495114,0.003596415470469248,0.006237106773025866,0.009633522243495113,0.006037106773025865,0.2,0.0002,0.4,0.07372601729744233
2025-08-07,40,5,0.006008421413813143,0.005324751643581904,0.0006836697702312395,0.005808421413813144,0.00048366977023123984,0.2,0.0002,0.4,0.1567122056155057
2025-08-08,40,5,0.004216358298247398,0.004634739474047788,-0.00041838117580038966,0.004016358298247398,-0.0006183811758003893,0.2,0.0002,0.6000000000000001,0.1803896153025626
2025-08-11,40,5,0.004037415222334988,0.005036983334723597,-0.000999568112388609,0.003837415222334988,-0.001199568112388609,0.2,0.0002,0.6000000000000001,0.09837690108138375
2025-08-12,40,5,0.0023244571907440957,0.0027849183574039167,-0.00046046116665982104,0.0021244571907440956,-0.0006604611666598211,0.2,0.0002,0.4,0.17066026021756286
2025-08-13,40,5,0.0015152941434907951,0.0008647462763263647,0.0006505478671644304,0.0007152941434907951,-0.0001494521328355696,0.8,0.0008,0.4,-0.1483715154966596
2025-08-14,40,5,-0.00622883156904571,-0.0004689220351926015,-0.005759909533853108,-0.006428831569045709,-0.005959909533853108,0.2,0.0002,0.4,0.2693384229957658
2025-08-15,40,5,-0.0009307141118136908,0.0014841398207357849,-0.002414853932549476,-0.0013307141118136909,-0.002814853932549476,0.4,0.0004,0.4,0.5589211892131658
2025-08-18,40,5,-6.928794230716128e-05,0.00025969238135946707,-0.00032898032366662837,-0.0004692879423071613,-0.0007289803236666284,0.4,0.0004,0.4,-6.234188873577295e-05
2025-08-19,40,5,-0.0008146903441399988,0.0008591667767037126,-0.0016738571208437113,-0.0012146903441399989,-0.0020738571208437115,0.4,0.0004,0.4,0.8113890206008847
2025-08-20,40,5,0.002781493709879168,0.00198238802193714,0.000799105687942028,0.002581493709879168,0.000599105687942028,0.2,0.0002,0.4,0.48296481829321536
2025-08-21,40,5,0.005921504316687294,0.003374882010216681,0.002546622306470613,0.005721504316687294,0.0023466223064706132,0.2,0.0002,0.4,0.2798031667861238
2025-08-22,40,5,0.002901358131546705,-0.00018350535515657018,0.003084863486703275,0.002101358131546705,0.002284863486703275,0.8,0.0008,0.4,-0.10721012590709833
2025-08-25,40,5,7.139922083411853e-05,0.00020319006409315056,-0.00013179084325903203,-0.0003286007791658815,-0.0005317908432590321,0.4,0.0004,0.4,0.5554469905498145
2025-08-26,40,5,0.0018059039483282247,0.0009368183948470721,0.0008690855534811526,0.0014059039483282248,0.0004690855534811527,0.4,0.0004,0.4,0.19292222460554598
2025-08-27,40,5,0.0029856405379273367,0.001565353745121397,0.0014202867928059396,0.0027856405379273366,0.0012202867928059395,0.2,0.0002,0.4,0.18650690279170234
2025-08-28,40,5,0.003192050804620319,0.000622720713744021,0.0025693300908762977,0.003192050804620319,0.0025693300908762977,0.0,0.0,0.4,0.2217556558679341
2025-08-29,40,5,0.003340248957107343,0.0017484353629176046,0.0015918135941897385,0.003140248957107343,0.0013918135941897384,0.2,0.0002,0.4,0.2520568938474028
2025-09-02,40,5,0.01276734140369026,0.003749861317897686,0.009017480085792574,0.01256734140369026,0.008817480085792574,0.2,0.0002,0.4,0.49104045959704834
2025-09-03,40,5,0.004942282241504859,0.004136406659720595,0.0008058755817842642,0.004742282241504859,0.0006058755817842645,0.2,0.0002,0.4,0.11005201371730067
2025-09-04,40,5,0.003924235396056939,0.0035549030411365133,0.0003693323549204255,0.0037242353960569388,0.00016933235492042542,0.2,0.0002,0.4,0.42392768685017757
2025-09-05,40,5,0.002615050526414291,0.002529333822212656,8.571670420163494e-05,0.002415050526414291,-0.00011428329579836515,0.2,0.0002,0.6000000000000001,0.0942957483883724
2025-09-08,40,5,0.0019075223296501596,0.0029818848387425352,-0.0010743625090923756,0.0017075223296501595,-0.0012743625090923757,0.2,0.0002,0.6000000000000001,0.2840247357451702
2025-09-09,40,5,-0.0010593905129796656,0.0022946115378325743,-0.00335400205081224,-0.0010593905129796656,-0.00335400205081224,0.0,0.0,0.6000000000000001,0.5304360008385451
2025-09-10,40,5,0.003915748917153206,0.0014779567473461558,0.00243779216980705,0.0035157489171532058,0.00203779216980705,0.4,0.0004,0.4,0.6294480561921034
2025-09-11,40,5,0.01302470734350349,0.001837618069444464,0.011187089274059026,0.012824707343503489,0.010987089274059026,0.2,0.0002,0.4,0.8337429651816137
2025-09-12,40,5,0.011528784700961147,0.0034643320801070318,0.008064452620854114,0.011328784700961146,0.007864452620854116,0.2,0.0002,0.4,0.3598585977370057
2025-09-15,40,5,0.003294013497156376,0.0026347626988275858,0.0006592507983287903,0.003094013497156376,0.00045925079832879025,0.2,0.0002,0.4,0.9876249179172696
2025-09-16,40,5,0.005324137398566218,0.0013516395358569079,0.00397249786270931,0.005324137398566218,0.00397249786270931,0.0,0.0,0.4,0.7240538604496862
2025-09-17,40,5,0.009914937215467616,0.0006607567077174403,0.009254180507750176,0.009914937215467616,0.009254180507750176,0.0,0.0,0.4,0.7270352817554269
2025-09-18,40,5,-0.0023384277447194846,-0.0013519410700536328,-0.0009864866746658518,-0.0025384277447194846,-0.0011864866746658519,0.2,0.0002,0.4,0.8891194488195815
2025-09-19,40,5,-0.006076153214111239,-0.0010627622480770837,-0.005013390966034155,-0.006076153214111239,-0.005013390966034155,0.0,0.0,0.4,0.7446526914877118
2025-09-22,40,5,0.004433588495825016,-0.0012201902993667292,0.005653778795191746,0.004233588495825016,0.005453778795191745,0.2,0.0002,0.4,0.7595614210443777
2025-09-23,40,5,0.0016450507765709509,0.000663164598300201,0.00098188617827075,0.0016450507765709509,0.00098188617827075,0.0,0.0,0.4,0.7087836923657598
2025-09-24,40,5,0.004218285539699558,0.003185063484472692,0.001033222055226866,0.004218285539699558,0.001033222055226866,0.0,0.0,0.4,0.8495832710100615
2025-09-25,40,5,0.005048368600394961,0.004466062712781592,0.0005823058876133691,0.005048368600394961,0.0005823058876133691,0.0,0.0,0.4,0.8701924147138982
2025-09-26,40,5,0.004016850336949589,0.004065787601508603,-4.893726455901422e-05,0.0038168503369495886,-0.0002489372645590143,0.2,0.0002,0.6000000000000001,0.8932635081436437
2025-09-29,40,5,0.007368035269159394,0.005350236782407332,0.0020177984867520617,0.007168035269159394,0.001817798486752062,0.2,0.0002,0.6000000000000001,0.7561432956406406
2025-09-30,40,5,0.008245534442839953,0.004019873172282633,0.00422566127055732,0.008245534442839953,0.00422566127055732,0.0,0.0,0.6000000000000001,0.5452135361452122
2025-10-01,40,5,0.0026113186250565643,0.0028510786756499964,-0.0002397600505934321,0.002211318625056564,-0.0006397600505934323,0.4,0.0004,0.4,0.32258993979047546
2025-10-02,40,5,0.0026706564076562377,0.0024373675441302744,0.0002332888635259633,0.0022706564076562376,-0.00016671113647403688,0.4,0.0004,0.4,0.4860193220898452
2025-10-03,40,5,-0.001661660133110874,-0.0020579568019713675,0.00039629666886049344,-0.0018616601331108741,0.00019629666886049335,0.2,0.0002,0.6000000000000001,0.1647177206504864
2025-10-06,40,5,0.001369211135827273,-0.0010743978808937977,0.002443609016721071,0.001169211135827273,0.0022436090167210704,0.2,0.0002,0.6000000000000001,0.41642860125986303
2025-10-07,40,5,-0.0059123077446569545,-0.000783149159276681,-0.005129158585380274,-0.006512307744656954,-0.005729158585380274,0.6000000000000001,0.0006000000000000001,0.6000000000000001,0.09745887093245997
2025-10-08,40,5,-0.0001701777985292674,-0.00017435194139035437,4.174142861086965e-06,-0.0003701777985292674,-0.00019582585713891304,0.2,0.0002,0.4,0.16245378918767273
2025-10-09,40,5,-0.004260494864697044,-0.0013142271310351045,-0.0029462677336619396,-0.004860494864697044,-0.0035462677336619394,0.6000000000000001,0.0006000000000000001,0.4,-0.06253863616479549
2025-10-10,40,5,0.00457788113971759,0.003706058664739552,0.0008718224749780378,0.0041778811397175895,0.0004718224749780376,0.4,0.0004,0.4,-0.10261070562683372
2025-10-13,40,5,0.007446576700015095,0.0033845768973646715,0.004061999802650424,0.007246576700015096,0.003861999802650424,0.2,0.0002,0.6000000000000001,0.14012724297246493
2025-10-14,40,5,0.006543584582933035,0.003573330434187521,0.002970254148745514,0.006343584582933035,0.0027702541487455144,0.2,0.0002,0.6000000000000001,0.19509348511245506
2025-10-15,40,5,-0.005262717040730958,0.0009680887785085751,-0.006230805819239533,-0.005462717040730957,-0.0064308058192395325,0.2,0.0002,0.4,0.44893509912682106
2025-10-16,40,5,0.004081653251445268,0.0027016248252657686,0.001380028426179499,0.0038816532514452675,0.0011800284261794989,0.2,0.0002,0.4,0.6160501620920904
2025-10-17,40,5,0.007834742742459948,0.0034195935841216177,0.0044151491583383305,0.007434742742459948,0.00401514915833833,0.4,0.0004,0.4,0.165476856944899
2025-10-20,40,5,0.006755890931059935,0.0031704741161296514,0.003585416814930284,0.006755890931059935,0.003585416814930284,0.0,0.0,0.4,0.06048807932534217
2025-10-21,40,5,0.0074048833315837476,0.002781235092818247,0.004623648238765501,0.007004883331583747,0.0042236482387655,0.4,0.0004,0.4,-0.061163943176463675
2025-10-22,40,5,0.014543086735411168,0.0034213248260482943,0.011121761909362874,0.014343086735411167,0.010921761909362874,0.2,0.0002,0.4,0.19403763127790086
2025-10-23,40,5,0.009285378302659223,0.0016843943604605664,0.007600983942198656,0.008885378302659223,0.007200983942198657,0.4,0.0004,0.4,-0.08074096112075324
2025-10-24,40,5,0.005145854329934356,0.0003893079043903097,0.0047565464255440466,0.004945854329934356,0.004556546425544047,0.2,0.0002,0.4,0.2465339194375531
2025-10-27,40,5,0.003539369804078536,-0.002019001635187303,0.005558371439265838,0.003339369804078536,0.005358371439265839,0.2,0.0002,0.4,0.48596624252952836
2025-10-28,40,5,0.0009718306099472374,-0.003607509653431194,0.004579340263378431,0.0007718306099472374,0.004379340263378432,0.2,0.0002,0.4,0.16495936671000422
2025-10-29,40,5,0.0025208037411772557,-0.0020935767970647425,0.004614380538241998,0.0023208037411772556,0.004414380538241999,0.2,0.0002,0.4,-0.03925258731729997
2025-10-30,40,5,-0.00602711987979732,-0.0028071140691351922,-0.003220005810662128,-0.00642711987979732,-0.003620005810662128,0.4,0.0004,0.4,0.07096928350451392
2025-10-31,40,5,-0.00466894346005851,-0.0030791822517213458,-0.0015897612083371638,-0.004868943460058509,-0.0017897612083371634,0.2,0.0002,0.4,0.21990980689227513
2025-11-03,40,5,-0.001523104283476675,-0.0002896923131088641,-0.0012334119703678109,-0.001923104283476675,-0.0016334119703678108,0.4,0.0004,0.4,0.7851869298607461
2025-11-04,40,5,0.0009728949218266924,0.0031263186206534543,-0.002153423698826762,0.0007728949218266924,-0.002353423698826762,0.2,0.0002,0.4,0.6477446061089829
2025-11-05,40,5,0.0021307684183161026,0.003277967601610562,-0.0011471991832944593,0.0017307684183161026,-0.0015471991832944592,0.4,0.0004,0.4,0.795907092760693
2025-11-06,40,5,-0.00015289018538458876,0.0024141677963365423,-0.0025670579817211312,-0.0003528901853845888,-0.0027670579817211313,0.2,0.0002,0.4,0.40291776423233117
2025-11-07,40,5,0.0013326581044389263,0.001515092778585992,-0.00018243467414706563,0.0013326581044389263,-0.00018243467414706563,0.0,0.0,0.4,0.44408068918539456
2025-11-10,40,5,-0.005093202804675996,-0.0021062655895281246,-0.002986937215147871,-0.005293202804675995,-0.003186937215147871,0.2,0.0002,0.4,0.8012284684543545
2025-11-11,40,5,-0.00886006033767547,-0.0049778340362542335,-0.003882226301421237,-0.009060060337675471,-0.004082226301421237,0.2,0.0002,0.4,0.7973583713394881
2025-11-12,40,5,-0.010717734025815943,-0.005993111329638139,-0.004724622696177804,-0.010917734025815943,-0.004924622696177805,0.2,0.0002,0.4,0.9707463770095401
2025-11-13,40,5,-0.00898564692800682,-0.0060491322016486705,-0.00293651472635815,-0.00898564692800682,-0.00293651472635815,0.0,0.0,0.4,0.8020776272662289
2025-11-14,40,5,-0.0038009964537289733,-0.003164803121410404,-0.0006361933323185691,-0.0038009964537289733,-0.0006361933323185691,0.0,0.0,0.4,0.7468714772026495
2025-11-17,40,5,0.012663565316383182,0.00041971185622075415,0.012243853460162428,0.012263565316383182,0.011843853460162429,0.4,0.0004,0.4,0.09391922083549176
2025-11-18,40,5,0.011850003708219177,0.00383285787916413,0.008017145829055047,0.011450003708219178,0.007617145829055048,0.4,0.0004,0.4,0.6896518745884919
2025-11-19,40,5,0.01037070008307153,0.005058675444861196,0.005312024638210335,0.01017070008307153,0.005112024638210334,0.2,0.0002,0.4,0.5344913251909666
2025-11-20,40,5,0.01165292233647226,0.00928519590988899,0.0023677264265832693,0.011452922336472259,0.0021677264265832687,0.2,0.0002,0.4,0.3723069945045623
2025-11-21,40,5,0.0037555102416876895,0.0057752994297631255,-0.002019789188075436,0.0035555102416876894,-0.002219789188075436,0.2,0.0002,0.4,0.07727374419140176
2025-11-24,40,5,0.0017211738683575995,0.0037891786183397126,-0.002068004749982113,0.0013211738683575995,-0.002468004749982113,0.4,0.0004,0.2,0.020447683136175954
2025-11-25,40,5,-0.002639631697269986,0.0027412350954997915,-0.0053808667927697775,-0.002839631697269986,-0.005580866792769777,0.2,0.0002,0.2,-0.06325536220078476
2025-11-26,40,5,-0.0015172555092822647,0.0009314995374063046,-0.002448755046688569,-0.002117255509282265,-0.0030487550466885695,0.6000000000000001,0.0006000000000000001,0.6000000000000001,0.27698009271614765
2025-11-28,40,5,-0.0015886498598487585,0.0002492153749593118,-0.0018378652348080703,-0.0017886498598487586,-0.0020378652348080704,0.2,0.0002,0.4,0.48383802364555706
2025-12-01,40,5,-0.0005188091118669335,0.00020634734735112736,-0.000725156459218061,-0.0005188091118669335,-0.000725156459218061,0.0,0.0,0.4,0.3596869831832379
2025-12-02,40,5,0.0005159250273950366,-0.00024224629060097422,0.0007581713179960108,0.0005159250273950366,0.0007581713179960108,0.0,0.0,0.4,0.2805915659330793
2025-12-03,40,5,0.0045440123319600585,9.465738890642062e-05,0.004449354943053638,0.004344012331960059,0.004249354943053638,0.2,0.0002,0.6000000000000001,0.2817660090965255
2025-12-04,40,5,0.0019265515498639286,0.001280662558760697,0.0006458889911032317,0.0017265515498639285,0.00044588899110323157,0.2,0.0002,0.4,0.090124909004615
2025-12-05,40,5,-0.005391130129632412,-0.0003080557702262382,-0.005083074359406173,-0.005591130129632411,-0.005283074359406173,0.2,0.0002,0.4,0.4748646386816908
2025-12-08,40,5,-0.0018422390567401203,0.0006129864471332613,-0.0024552255038733815,-0.0020422390567401204,-0.0026552255038733816,0.2,0.0002,0.4,0.4461848743279937
2025-12-09,40,5,-0.003788879902565858,-0.00020850498814253327,-0.003580374914423325,-0.003788879902565858,-0.003580374914423325,0.0,0.0,0.4,0.35396327666683547
2025-12-10,40,5,-0.007534286011541677,-0.003289415822655227,-0.004244870188886449,-0.007734286011541676,-0.00444487018888645,0.2,0.0002,0.4,0.39169302656059557
2025-12-11,40,5,-0.0029064890519049725,-0.0034463543471593304,0.0005398652952543579,-0.0031064890519049725,0.0003398652952543578,0.2,0.0002,0.4,0.36964233319699247
2025-12-12,40,5,-0.0028388060331224806,-0.0017800285380276993,-0.0010587774950947813,-0.0032388060331224808,-0.0014587774950947814,0.4,0.0004,0.4,0.7112138536931631
2025-12-15,40,5,0.0010766484592357006,-0.00036762253608227933,0.00144427099531798,0.0010766484592357006,0.00144427099531798,0.0,0.0,0.4,0.6277472271474522
2025-12-16,40,5,0.0042559679561742485,0.0010688299986087396,0.003187137957565509,0.0042559679561742485,0.003187137957565509,0.0,0.0,0.4,0.7161424206844345
2025-12-17,40,5,0.002106114917645261,0.004076066145457252,-0.001969951227811991,0.001706114917645261,-0.002369951227811991,0.4,0.0004,0.2,0.3057305386338598
2025-12-18,40,5,-1.5132951266885186e-05,0.0034227019096082353,-0.0034378348608751206,-0.0004151329512668852,-0.0038378348608751204,0.4,0.0004,0.4,0.07269510662353085
2025-12-19,40,5,0.00027287986374262995,0.002026405724644643,-0.0017535258609020132,-0.00012712013625737007,-0.002153525860902013,0.4,0.0004,0.6000000000000001,0.10193728942949676
2025-12-22,40,5,0.0012757325090525695,0.0011788237624930631,9.690874655950642e-05,0.0008757325090525696,-0.00030309125344049354,0.4,0.0004,0.6000000000000001,-0.2522100275896655
2025-12-23,40,5,-0.0008293226827201617,-5.639121848595441e-05,-0.0007729314642342073,-0.0012293226827201618,-0.0011729314642342074,0.4,0.0004,0.4,-0.10446105079437018
2025-12-24,40,5,-0.0035233256348008043,-0.0009186538550327739,-0.0026046717797680303,-0.0037233256348008044,-0.0028046717797680304,0.2,0.0002,0.4,0.026461203011248102
2025-12-26,40,5,-0.0037601098082599635,-0.00018741241725633075,-0.003572697391003633,-0.003960109808259963,-0.0037726973910036325,0.2,0.0002,0.4,-0.26350899200145506
2025-12-29,40,5,-0.0022132675143338165,0.0013645742913590126,-0.0035778418056928293,-0.0024132675143338166,-0.003777841805692829,0.2,0.0002,0.4,-0.34785186418298863
2025-12-30,40,5,-0.0005863423001919577,0.0005801997220254823,-0.00116654202221744,-0.0007863423001919577,-0.0013665420222174398,0.2,0.0002,0.4,-0.2645775855344077
2025-12-31,40,5,-0.0024490067233259617,0.002118760418519338,-0.0045677671418453,-0.002849006723325962,-0.0049677671418453,0.4,0.0004,0.4,-0.16641780478139268
