date,n,topk,gross_return,benchmark_return,active_return,net_return,net_active_return,turnover,cost,max_industry_weight,size_exposure
2023-01-03,70,5,0.005122040941676129,0.0021274322071788906,0.0029946087344972384,0.004622040941676129,0.002494608734497238,0.5,0.0005,0.2,0.49805859579504386
2023-01-04,70,5,0.016095515959242544,0.0020433175331675676,0.014052198426074976,0.015495515959242544,0.013452198426074976,0.6000000000000001,0.0006000000000000001,0.4,0.7251319704822627
2023-01-05,70,5,0.016402960743063223,0.0006696081002318308,0.01573335264283139,0.016202960743063224,0.015533352642831394,0.2,0.0002,0.4,0.669880947293997
2023-01-06,70,5,0.014436483438392642,0.0025837080767830804,0.011852775361609561,0.014436483438392642,0.011852775361609561,0.0,0.0,0.4,0.6860125320893893
2023-01-09,70,5,0.010304534631676292,0.004626266607835525,0.005678268023840766,0.010104534631676291,0.005478268023840766,0.2,0.0002,0.2,0.35241685036231374
2023-01-10,70,5,0.007806720954531299,0.004436995328535533,0.003369725625995766,0.0076067209545312995,0.0031697256259957665,0.2,0.0002,0.4,0.5147895771931346
2023-01-11,70,5,0.0034630849086828876,0.004653170266326256,-0.0011900853576433685,0.0034630849086828876,-0.0011900853576433685,0.0,0.0,0.4,0.5381766714451288
2023-01-12,70,5,0.003183790327388976,0.005715527580966308,-0.002531737253577332,0.003183790327388976,-0.002531737253577332,0.0,0.0,0.4,0.5410459870522963
2023-01-13,70,5,0.0007570719019855199,0.005869294701199091,-0.005112222799213571,0.0005570719019855199,-0.0053122227992135704,0.2,0.0002,0.4,0.7432509687600266
2023-01-16,70,5,0.000757610354177256,0.0029687276694826863,-0.0022111173153054305,0.000557610354177256,-0.00241111731530543,0.2,0.0002,0.2,0.011147803209901497
2023-01-17,70,5,0.0002323779117278013,0.002522834288451436,-0.0022904563767236347,3.2377911727801294e-05,-0.0024904563767236348,0.2,0.0002,0.2,0.02222348344526992
2023-01-18,70,5,0.0015871596542154664,0.004074999794845657,-0.002487840140630191,0.0013871596542154663,-0.002687840140630191,0.2,0.0002,0.2,0.39914978784523214
2023-01-19,70,5,0.0012309590978809393,0.0029151972308353474,-0.0016842381329544081,0.0010309590978809392,-0.0018842381329544082,0.2,0.0002,0.2,-0.1246413876837984
2023-01-20,70,5,-0.003664087852018065,-0.0007762685782311191,-0.002887819273786946,-0.003864087852018065,-0.0030878192737869457,0.2,0.0002,0.2,-0.11634891555519289
2023-01-30,70,5,0.00032882912889492744,-0.0026608246662949376,0.002989653795189865,-7.117087110507258e-05,0.0025896537951898653,0.4,0.0004,0.2,-0.5241257570959661
2023-01-31,70,5,0.0022780840480249994,-0.0017509090780434618,0.004028993126068461,0.0022780840480249994,0.004028993126068461,0.0,0.0,0.2,-0.524000212525916
2023-02-01,70,5,-0.005596592529371245,-0.004240576828101203,-0.0013560157012700415,-0.005596592529371245,-0.0013560157012700415,0.0,0.0,0.2,-0.5052283773616342
2023-02-02,70,5,-4.449888967927862e-07,-0.0022230227030327404,0.0022225777141359477,-0.0004004449888967928,0.0018225777141359476,0.4,0.0004,0.4,-0.30157843055381406
2023-02-03,70,5,-0.0023072693929510855,-0.0007611972980260519,-0.0015460720949250337,-0.0023072693929510855,-0.0015460720949250337,0.0,0.0,0.4,-0.2907717774553422
2023-02-06,70,5,-0.00041655509486042684,0.003298441684671166,-0.003714996779531593,-0.0006165550948604269,-0.003914996779531593,0.2,0.0002,0.2,-0.3631313342627891
2023-02-07,70,5,0.0028659636026799264,0.0037271520634376367,-0.0008611884607577103,0.0026659636026799263,-0.0010611884607577104,0.2,0.0002,0.2,0.3429346836066287
2023-02-08,69,5,0.006173053314329273,0.0038693373093387634,0.0023037160049905097,0.005773053314329273,0.0019037160049905095,0.4,0.0004,0.2,-0.6983493692490406
2023-02-09,69,5,0.0021460567294933376,-0.00010018478748978058,0.002246241516983118,0.0019460567294933375,0.002046241516983118,0.2,0.0002,0.2,-0.7312469615096049
2023-02-10,69,5,-0.0020497315620253164,-0.001479102531062836,-0.0005706290309624804,-0.0022497315620253165,-0.0007706290309624805,0.2,0.0002,0.2,-0.4479046594434273
2023-02-13,69,5,0.0018653870755651746,0.0012110215381111824,0.0006543655374539922,0.0012653870755651745,5.436553745399213e-05,0.6000000000000001,0.0006000000000000001,0.2,0.36977749440674046
2023-02-14,69,5,-0.0007475977016869262,0.0020278127305683206,-0.002775410432255247,-0.0009475977016869262,-0.0029754104322552467,0.2,0.0002,0.2,-0.30380950901360393
2023-02-15,69,5,-0.005040378090311161,0.0016140833383368938,-0.006654461428648055,-0.005240378090311161,-0.006854461428648055,0.2,0.0002,0.2,-0.21137442138412332
2023-02-16,69,5,-0.001149958829108515,0.0030730088022019575,-0.004222967631310473,-0.0013499588291085152,-0.0044229676313104725,0.2,0.0002,0.2,-0.0703596990543609
2023-02-17,70,5,0.004220981857959929,0.003362031657166567,0.0008589502007933622,0.0040209818579599295,0.0006589502007933626,0.2,0.0002,0.2,-0.5101998155880345
2023-02-20,70,5,-0.003731352865236319,-0.0013946090111625366,-0.0023367438540737827,-0.004131352865236319,-0.002736743854073782,0.4,0.0004,0.2,-0.5427398261728058
2023-02-21,70,5,-0.0010473611296559816,-0.0016607004546893706,0.000613339325033389,-0.0012473611296559817,0.00041333932503338886,0.2,0.0002,0.2,-0.5436807934093366
2023-02-22,70,5,0.003326839967700131,0.002135011695118981,0.0011918282725811497,0.0029268399677001306,0.0007918282725811496,0.4,0.0004,0.2,-0.5079578579140218
2023-02-23,70,5,0.009169683352812123,0.0026729522389394612,0.006496731113872662,0.008769683352812124,0.006096731113872662,0.4,0.0004,0.2,-0.7711923437799673
2023-02-24,70,5,0.01013660421091341,0.005190028083238619,0.004946576127674791,0.009736604210913411,0.004546576127674792,0.4,0.0004,0.2,-0.39136738390606496
2023-02-27,70,5,0.0062532146457010464,0.004904065421157209,0.0013491492245438375,0.005853214645701046,0.0009491492245438373,0.4,0.0004,0.4,-0.20256158413954672
2023-02-28,70,5,0.0015752694999320437,0.0006820383150675232,0.0008932311848645205,0.0013752694999320436,0.0006932311848645204,0.2,0.0002,0.2,-0.614744315336166
2023-03-01,70,5,0.0008635061247177101,-0.001990845987607814,0.002854352112325524,0.0006635061247177101,0.002654352112325524,0.2,0.0002,0.2,-0.5671930779003631
2023-03-02,70,5,-0.0013481135840583748,-0.0032539692822624506,0.0019058556982040759,-0.0015481135840583748,0.0017058556982040758,0.2,0.0002,0.2,-0.5115403674775099
2023-03-03,70,5,-0.011273637705083543,-0.007282889032475866,-0.003990748672607678,-0.011673637705083542,-0.004390748672607677,0.4,0.0004,0.2,-0.3948782659366774
2023-03-06,70,5,-0.007524654635210175,-0.004187864873817365,-0.0033367897613928096,-0.0077246546352101745,-0.0035367897613928093,0.2,0.0002,0.2,-0.3801319352591044
2023-03-07,70,5,-0.006013607714069664,-0.002603373390831324,-0.0034102343232383404,-0.006213607714069664,-0.00361023432323834,0.2,0.0002,0.2,-0.6956404279525721
2023-03-08,70,5,-0.004677672065887908,-0.0018190245550351383,-0.0028586475108527696,-0.0048776720658879075,-0.003058647510852769,0.2,0.0002,0.2,-0.34901172141173475
2023-03-09,70,5,-0.00769975470676382,-0.0028280772868666615,-0.004871677419897158,-0.00809975470676382,-0.0052716774198971585,0.4,0.0004,0.2,-0.42500973350144733
2023-03-10,70,5,0.0032748606152630936,0.0008968175086272193,0.0023780431066358744,0.0030748606152630935,0.0021780431066358743,0.2,0.0002,0.2,0.10528740734045172
2023-03-13,70,5,-0.003190510239541209,-0.0029813668970860327,-0.00020914334245517637,-0.0035905102395412092,-0.0006091433424551766,0.4,0.0004,0.2,-0.09721226921231718
2023-03-14,71,5,-0.004086484139636833,-0.0008857402824790746,-0.0032007438571577582,-0.004086484139636833,-0.0032007438571577582,0.0,0.0,0.2,-0.07855373742653526
2023-03-15,71,5,-0.0033324616256423223,-0.0013626538933848716,-0.0019698077322574505,-0.0033324616256423223,-0.0019698077322574505,0.0,0.0,0.2,-0.07841530235416627
2023-03-16,71,5,0.0025402352222020854,0.0021460707863713156,0.0003941644358307697,0.0023402352222020853,0.00019416443583076962,0.2,0.0002,0.2,0.11689340898497491
2023-03-17,71,5,0.0037826077664041115,0.00044399549816796823,0.0033386122682361433,0.0035826077664041114,0.003138612268236143,0.2,0.0002,0.2,-0.12426862295548347
2023-03-20,71,5,0.0009433742358428042,0.0014398550208776094,-0.0004964807850348052,0.0007433742358428043,-0.0006964807850348051,0.2,0.0002,0.2,-0.2023891597676588
2023-03-21,71,5,0.0081365660649994,0.0010235782065924153,0.007112987858406984,0.0081365660649994,0.007112987858406984,0.0,0.0,0.2,-0.21734916231251766
2023-03-22,71,5,0.00032427234291402044,0.0003349208958764069,-1.0648552962386475e-05,0.00012427234291402043,-0.00021064855296238648,0.2,0.0002,0.4,0.09798568024917387
2023-03-23,71,5,-0.003913571368240652,0.0010041769909694938,-0.004917748359210146,-0.003913571368240652,-0.004917748359210146,0.0,0.0,0.4,0.11383843308591679
2023-03-24,71,5,-0.0025547056311954687,0.0030797103681414195,-0.005634415999336888,-0.002754705631195469,-0.005834415999336888,0.2,0.0002,0.2,-0.057089875113042865
2023-03-27,71,5,0.004951882534624023,0.004139073557182051,0.0008128089774419719,0.004951882534624023,0.0008128089774419719,0.0,0.0,0.2,-0.07663288217148079
2023-03-28,71,5,0.00977964538160175,0.004510902170649784,0.005268743210951966,0.009379645381601751,0.004868743210951967,0.4,0.0004,0.2,-0.13400739525684102
2023-03-29,71,5,0.015803975175607006,0.005327661991013237,0.010476313184593768,0.015803975175607006,0.010476313184593768,0.0,0.0,0.2,-0.13403354497250675
2023-03-30,73,5,0.01615034440086744,0.004385731950286065,0.011764612450581375,0.01615034440086744,0.011764612450581375,0.0,0.0,0.2,-0.1262176915869695
2023-03-31,74,5,0.008933457249789866,0.0026642220421387,0.006269235207651167,0.008933457249789866,0.006269235207651167,0.0,0.0,0.2,-0.10121251866912573
2023-04-03,74,5,0.017592959916290916,0.0031026796753366526,0.014490280240954265,0.017392959916290918,0.014290280240954266,0.2,0.0002,0.4,-0.13268481288636558
2023-04-04,74,5,0.016271057033081994,0.0024349562954427595,0.013836100737639235,0.016271057033081994,0.013836100737639235,0.0,0.0,0.4,-0.11656185123710827
2023-04-06,74,5,0.0008413927080535543,0.0017283072879863619,-0.0008869145799328075,0.0006413927080535543,-0.0010869145799328075,0.2,0.0002,0.4,-0.5754813830108905
2023-04-07,74,5,0.01742344528697335,0.001471891584222133,0.01595155370275122,0.017223445286973352,0.01575155370275122,0.2,0.0002,0.4,-0.6901372776194776
2023-04-10,74,5,0.0071443434785482835,0.0039584042311764265,0.003185939247371857,0.006944343478548284,0.0029859392473718573,0.2,0.0002,0.4,-0.5836646435074169
2023-04-11,74,5,0.011308095667829213,0.0034200139980325337,0.007888081669796678,0.011108095667829212,0.0076880816697966784,0.2,0.0002,0.4,-0.6713308572217986
2023-04-12,74,5,0.0028439354448902645,0.001112392344209042,0.0017315431006812226,0.0026439354448902644,0.0015315431006812225,0.2,0.0002,0.4,-0.5961304094418391
2023-04-13,74,5,-0.003317175420305807,0.0001936846790290756,-0.0035108600993348825,-0.003517175420305807,-0.0037108600993348826,0.2,0.0002,0.4,-0.4142579775544597
2023-04-14,74,5,-0.008954341813658836,-0.0037219806798492205,-0.005232361133809616,-0.009154341813658836,-0.005432361133809616,0.2,0.0002,0.4,-0.5672905047752366
2023-04-17,74,5,-0.01132991429690088,-0.00822000432983676,-0.0031099099670641207,-0.011529914296900881,-0.0033099099670641213,0.2,0.0002,0.4,-0.43425892214233386
2023-04-18,75,5,2.7501616209923975e-05,-0.008537952152118238,0.008565453768328162,-0.00017249838379007604,0.008365453768328162,0.2,0.0002,0.4,-0.6424810343591503
2023-04-19,75,5,0.00048393073262401835,-0.006335775838124778,0.006819706570748796,0.00028393073262401836,0.006619706570748797,0.2,0.0002,0.4,-0.5958012122543792
2023-04-20,75,5,0.01263242468271423,-0.004106910878091672,0.016739335560805903,0.01243242468271423,0.016539335560805904,0.2,0.0002,0.4,-0.6517100067462955
2023-04-21,75,5,0.01931477793878164,0.0003000477964919034,0.019014730142289736,0.01931477793878164,0.019014730142289736,0.0,0.0,0.4,-0.6469944817129996
2023-04-24,74,5,0.02177888347951435,0.0036177508880054386,0.01816113259150891,0.02177888347951435,0.01816113259150891,0.0,0.0,0.4,-0.6281910918338554
2023-04-25,74,5,0.0200792484686154,0.0035835630017494206,0.01649568546686598,0.019879248468615402,0.01629568546686598,0.2,0.0002,0.4,-0.1002806067935218
2023-04-26,74,5,0.010569986186618214,0.006193536660732622,0.004376449525885592,0.010369986186618213,0.004176449525885592,0.2,0.0002,0.4,-0.5730841799320281
2023-04-27,74,5,0.003451291518887549,0.0035608301588253887,-0.00010953863993783987,0.0032512915188875487,-0.00030953863993783996,0.2,0.0002,0.4,-0.4842739240770104
2023-04-28,74,5,0.001986500370530826,0.0012622406579876821,0.000724259712543144,0.001986500370530826,0.000724259712543144,0.0,0.0,0.4,-0.4734508951139045
2023-05-04,74,5,-0.009732538686768762,-0.0011692866031172556,-0.008563252083651506,-0.009932538686768763,-0.008763252083651507,0.2,0.0002,0.4,-0.5391253121770045
2023-05-05,74,5,-0.01377945048733667,-0.00281542395839799,-0.01096402652893868,-0.01397945048733667,-0.01116402652893868,0.2,0.0002,0.4,-0.32006428289922084
2023-05-08,74,5,-0.015079818522425495,-0.0035000713813420556,-0.01157974714108344,-0.015079818522425495,-0.01157974714108344,0.0,0.0,0.4,-0.3320907178984669
2023-05-09,74,5,-0.013707300646126103,-0.0028082743775569596,-0.010899026268569144,-0.013907300646126103,-0.011099026268569144,0.2,0.0002,0.2,0.18513097580399673
2023-05-10,74,5,-0.012649803766792997,-0.0017400868454368833,-0.010909716921356113,-0.012649803766792997,-0.010909716921356113,0.0,0.0,0.2,0.18714341726694173
2023-05-11,74,5,-0.0022522353152954764,-0.0009850954149049742,-0.0012671399003905022,-0.0024522353152954765,-0.0014671399003905023,0.2,0.0002,0.2,-0.01023277659960442
2023-05-12,74,5,-0.006003721421494186,0.0004976640015213207,-0.0065013854230155065,-0.006003721421494186,-0.0065013854230155065,0.0,0.0,0.2,-0.0010697087410882489
2023-05-15,74,5,-0.005777570600887762,-0.0005591447460715199,-0.005218425854816243,-0.005977570600887762,-0.005418425854816242,0.2,0.0002,0.2,-0.6024772927239415
2023-05-16,74,5,-0.006919410054550754,-0.0028641367742107374,-0.004055273280340017,-0.006919410054550754,-0.004055273280340017,0.0,0.0,0.2,-0.6051974318925879
2023-05-17,74,5,-0.011859287276834832,-0.004920517323677999,-0.006938769953156834,-0.011859287276834832,-0.006938769953156834,0.0,0.0,0.2,-0.5884850352992537
2023-05-18,74,5,-0.010818422951921688,-0.004634599918043459,-0.00618382303387823,-0.010818422951921688,-0.00618382303387823,0.0,0.0,0.2,-0.5907668435619602
2023-05-19,74,5,-0.003570889145413707,-0.002720719249250566,-0.0008501698961631411,-0.003770889145413707,-0.0010501698961631412,0.2,0.0002,0.4,-0.6915968100694698
2023-05-22,74,5,-0.0001498367819180757,-0.003763795516644697,0.003613958734726621,-0.0003498367819180757,0.0034139587347266215,0.2,0.0002,0.4,-0.5283165368343674
2023-05-23,74,5,0.0027762879334010783,-0.0014614076913355175,0.0042376956247365954,0.0027762879334010783,0.0042376956247365954,0.0,0.0,0.4,-0.5298551212374498
2023-05-24,74,5,0.006191939832601036,0.00020286018326496767,0.005989079649336069,0.005991939832601037,0.005789079649336069,0.2,0.0002,0.4,-0.2851227074528584
2023-05-25,74,5,9.157779722674953e-06,-0.0006406114699526192,0.0006497692496752941,-0.00019084222027732507,0.0004497692496752941,0.2,0.0002,0.4,-0.4492382012458158
2023-05-26,74,5,-0.00045800993808360775,0.00032390056480400577,-0.0007819105028876135,-0.0006580099380836077,-0.0009819105028876134,0.2,0.0002,0.4,-0.37509331950770175
2023-05-29,74,5,-0.005718838623644426,-0.00026284301654664455,-0.005455995607097782,-0.005918838623644426,-0.005655995607097781,0.2,0.0002,0.4,-0.16042631951655473
2023-05-30,74,5,-0.0051480738430293065,-0.0014888421748886235,-0.003659231668140683,-0.005348073843029306,-0.003859231668140683,0.2,0.0002,0.4,0.09905644377517575
2023-05-31,74,5,-0.0022547040449169267,-0.0008891859344963829,-0.0013655181104205438,-0.0024547040449169268,-0.001565518110420544,0.2,0.0002,0.2,0.1329772336062085
2023-06-01,74,5,0.0019794838734437416,0.0012812731496651656,0.000698210723778576,0.0019794838734437416,0.000698210723778576,0.0,0.0,0.2,0.11822846156318079
2023-06-02,74,5,0.003742929561799593,0.00035825312771331556,0.0033846764340862774,0.0035429295617995927,0.0031846764340862773,0.2,0.0002,0.2,-0.011194047576573496
2023-06-05,74,5,0.00163143245107229,0.0002746171080939504,0.0013568153429783395,0.0014314324510722898,0.0011568153429783394,0.2,0.0002,0.2,-0.07269317838549583
2023-06-06,74,5,0.005593938311020476,0.0023087954291904087,0.0032851428818300677,0.005393938311020477,0.003085142881830068,0.2,0.0002,0.2,-0.3056215344622242
2023-06-07,74,5,0.0025324091270356288,0.0030034909747674336,-0.0004710818477318048,0.0023324091270356287,-0.0006710818477318049,0.2,0.0002,0.2,-0.39906694632993656
2023-06-08,74,5,0.004959643212106761,0.0038161316960060054,0.0011435115161007553,0.004959643212106761,0.0011435115161007553,0.0,0.0,0.2,-0.408041352669537
2023-06-09,74,5,0.0029290985708058147,0.0036450624460441796,-0.0007159638752383649,0.0027290985708058146,-0.000915963875238365,0.2,0.0002,0.2,-0.5233897522544773
2023-06-12,74,5,0.0029238550562192644,0.003753152006208244,-0.0008292969499889796,0.0027238550562192643,-0.0010292969499889797,0.2,0.0002,0.2,-0.6885344306947374
2023-06-13,74,5,0.002713997683885534,0.003004910739059948,-0.00029091305517441437,0.0025139976838855337,-0.0004909130551744145,0.2,0.0002,0.2,-0.7198290310495423
2023-06-14,74,5,0.006880562101718972,0.0005486014080936987,0.006331960693625273,0.006680562101718972,0.006131960693625273,0.2,0.0002,0.2,-0.5809013867471133
2023-06-15,74,5,-0.0028605529715170653,-0.0034070784050026746,0.0005465254334856093,-0.0028605529715170653,0.0005465254334856093,0.0,0.0,0.2,-0.5584674376983294
2023-06-16,74,5,-0.005151718897686299,-0.002384255987781433,-0.002767462909904866,-0.005151718897686299,-0.002767462909904866,0.0,0.0,0.2,-0.5521062629441325
2023-06-19,74,5,-0.005134262382079165,-0.0016565616239113813,-0.0034777007581677836,-0.0053342623820791645,-0.0036777007581677832,0.2,0.0002,0.2,-0.3946911960070132
2023-06-20,74,5,-0.006033102395406953,-0.001678496166816076,-0.004354606228590878,-0.006233102395406953,-0.004554606228590876,0.2,0.0002,0.2,-0.23947809670829656
2023-06-21,74,5,-0.0022459549616229736,0.0010247922879293547,-0.0032707472495523285,-0.0024459549616229737,-0.003470747249552328,0.2,0.0002,0.2,-0.289991465286743
2023-06-26,74,5,0.0028138627262867468,0.00503695044538599,-0.0022230877190992436,0.0026138627262867467,-0.0024230877190992437,0.2,0.0002,0.4,-0.292665642506833
2023-06-27,74,5,-0.004495895490896005,0.002507394839132207,-0.007003290330028212,-0.004495895490896005,-0.007003290330028212,0.0,0.0,0.4,-0.2776134566529489
2023-06-28,74,5,-0.007915853960458113,0.0012070199200168755,-0.009122873880474988,-0.008115853960458113,-0.009322873880474989,0.2,0.0002,0.4,-0.1989331119939397
2023-06-29,74,5,-0.005342982971703067,0.0004849040013960777,-0.0058278869730991455,-0.005542982971703067,-0.006027886973099144,0.2,0.0002,0.4,-0.3563862294957474
2023-06-30,74,5,-0.007930792438392906,-0.0004954495775172559,-0.0074353428608756504,-0.007930792438392906,-0.0074353428608756504,0.0,0.0,0.4,-0.3514716321800133
2023-07-03,74,5,-0.003219856214392123,-0.0016989449502688575,-0.0015209112641232656,-0.003419856214392123,-0.0017209112641232657,0.2,0.0002,0.2,-0.535943562487418
2023-07-04,74,5,-0.0016480559904234805,-0.00036016693653712106,-0.0012878890538863593,-0.0016480559904234805,-0.0012878890538863593,0.0,0.0,0.2,-0.5296907365744659
2023-07-05,74,5,0.00023103611262276225,-0.0004848303127766902,0.0007158664253994524,0.00023103611262276225,0.0007158664253994524,0.0,0.0,0.2,-0.545746525926674
2023-07-06,74,5,0.0010309756244595292,0.0031997818520103014,-0.002168806227550772,0.0010309756244595292,-0.002168806227550772,0.0,0.0,0.2,-0.530692010443552
2023-07-07,74,5,0.005185250866554787,0.003543477018669152,0.001641773847885635,0.004985250866554787,0.0014417738478856353,0.2,0.0002,0.2,-0.48544637755493625
2023-07-10,74,5,0.0049870042579585406,0.0021547402857044675,0.002832263972254073,0.0049870042579585406,0.002832263972254073,0.0,0.0,0.2,-0.48382649665812494
2023-07-11,74,5,0.0019867599934619484,0.0010804353043263046,0.0009063246891356438,0.0017867599934619483,0.0007063246891356437,0.2,0.0002,0.2,-0.5798404826957935
2023-07-12,74,5,0.003561535820733273,0.0021874414514553974,0.0013740943692778754,0.0031615358207332726,0.0009740943692778752,0.4,0.0004,0.2,0.3022925598615629
2023-07-13,74,5,-0.002889587235756519,-0.0017204940289361735,-0.0011690932068203453,-0.003289587235756519,-0.0015690932068203455,0.4,0.0004,0.4,-0.018544583643663515
2023-07-14,74,5,-0.010116094933824371,-0.0020693350660535023,-0.00804675986777087,-0.010116094933824371,-0.00804675986777087,0.0,0.0,0.4,0.0049942658083708125
2023-07-17,74,5,-0.0050085211630095695,-0.0017745005905631828,-0.003234020572446387,-0.005208521163009569,-0.0034340205724463866,0.2,0.0002,0.4,-0.046614904695552184
2023-07-18,74,5,-0.003717159929162062,0.0015585624228342692,-0.0052757223519963314,-0.0039171599291620614,-0.00547572235199633,0.2,0.0002,0.4,-0.034707159410547916
2023-07-19,74,5,-0.004584982933654427,0.0013104557500578796,-0.005895438683712307,-0.004584982933654427,-0.005895438683712307,0.0,0.0,0.4,-0.03890782616112176
2023-07-20,74,5,-0.00276635170404091,0.0023539585263251178,-0.005120310230366028,-0.00296635170404091,-0.005320310230366028,0.2,0.0002,0.2,-0.29708187445479517
2023-07-21,74,5,-0.002376944754860948,0.005755272373227862,-0.008132217128088811,-0.002376944754860948,-0.008132217128088811,0.0,0.0,0.2,-0.2983970672277607
2023-07-24,74,5,0.0011323730489263628,0.00696975594785443,-0.005837382898928067,0.0009323730489263629,-0.0060373828989280665,0.2,0.0002,0.2,-0.2235807226276023
2023-07-25,74,5,1.772713048671104e-05,0.003134148622895338,-0.0031164214924086268,-0.00038227286951328897,-0.003516421492408627,0.4,0.0004,0.2,-0.22321496468593693
2023-07-26,74,5,0.0035202160456371478,0.0018411876225395637,0.001679028423097584,0.0031202160456371476,0.0012790284230975839,0.4,0.0004,0.2,0.018789952033710478
2023-07-27,74,5,0.006891166362760601,0.0036671819908654516,0.0032239843718951493,0.006891166362760601,0.0032239843718951493,0.0,0.0,0.2,0.018641055141440432
2023-07-28,74,5,0.001698643542419247,0.0008854511595128586,0.0008131923829063884,0.001698643542419247,0.0008131923829063884,0.0,0.0,0.2,0.026474205259592765
2023-07-31,74,5,-0.0015675053178358443,-0.0011702362911720208,-0.0003972690266638235,-0.0017675053178358444,-0.0005972690266638236,0.2,0.0002,0.2,0.2802548694507685
2023-08-01,74,5,0.0022532155352892056,-0.0009888101138257111,0.0032420256491149167,0.0020532155352892055,0.0030420256491149166,0.2,0.0002,0.2,0.4143467111423398
2023-08-02,74,5,0.007774733564888439,-0.0005176708792237132,0.008292404444112151,0.007574733564888439,0.008092404444112153,0.2,0.0002,0.2,0.16557125872543565
2023-08-03,74,5,0.0037328689283880933,-0.0009192649281991397,0.004652133856587233,0.0037328689283880933,0.004652133856587233,0.0,0.0,0.2,0.18067241683881363
2023-08-04,74,5,-0.00031622754007627925,-0.005237905186309236,0.004921677646232957,-0.0005162275400762792,0.004721677646232957,0.2,0.0002,0.4,0.20910133289343946
2023-08-07,74,5,0.0019937975272132304,-0.004151886879731452,0.006145684406944683,0.0017937975272132303,0.0059456844069446825,0.2,0.0002,0.2,0.4440816267496892
2023-08-08,74,5,-0.0038363499099411903,-0.0044799173055164055,0.0006435673955752152,-0.00403634990994119,0.00044356739557521556,0.2,0.0002,0.4,0.23064701463941972
2023-08-09,74,5,-0.0034444370888407775,-0.0050311659238458754,0.001586728835005098,-0.0036444370888407776,0.0013867288350050979,0.2,0.0002,0.2,0.07935785850535026
2023-08-10,74,5,-0.0050730203052868905,-0.004727791859445952,-0.00034522844584093833,-0.00527302030528689,-0.000545228445840938,0.2,0.0002,0.2,-0.29100799920068
2023-08-11,74,5,-0.0034556104888262954,-0.002951756872854948,-0.0005038536159713476,-0.0036556104888262955,-0.0007038536159713477,0.2,0.0002,0.4,0.13326546140124762
2023-08-14,74,5,-0.006596441806168958,-0.005519849561999595,-0.001076592244169363,-0.006996441806168958,-0.0014765922441693632,0.4,0.0004,0.2,0.053985052396864575
2023-08-15,74,5,-0.004175247923268231,-0.0033307597901834907,-0.0008444881330847403,-0.004375247923268231,-0.00104448813308474,0.2,0.0002,0.4,0.5710303957861704
2023-08-16,74,5,-0.007820400627209604,-0.004730810763482799,-0.0030895898637268047,-0.008020400627209604,-0.0032895898637268052,0.2,0.0002,0.4,0.7693019495602158
2023-08-17,74,5,-0.0039997910967294195,-0.005377417971176537,0.0013776268744471179,-0.004199791096729419,0.0011776268744471182,0.2,0.0002,0.4,0.9960629468709001
2023-08-18,74,5,-0.0003678917680313898,-0.003896778143090197,0.003528886375058807,-0.0005678917680313898,0.003328886375058807,0.2,0.0002,0.4,1.2321212230443024
2023-08-21,74,5,0.007079868224286389,0.0013741372733800635,0.005705730950906326,0.007079868224286389,0.005705730950906326,0.0,0.0,0.4,1.2278399013979424
2023-08-22,74,5,0.004057070630776623,0.0007624469974981862,0.0032946236332784366,0.003857070630776623,0.003094623633278437,0.2,0.0002,0.2,0.6672697623735466
2023-08-23,74,5,0.005927918409672519,0.003559153671808912,0.002368764737863607,0.005727918409672519,0.002168764737863607,0.2,0.0002,0.4,1.225199355867744
2023-08-24,74,5,-0.00020555049014114868,0.0019423106118123753,-0.002147861101953524,-0.0006055504901411486,-0.002547861101953524,0.4,0.0004,0.2,0.335910907240212
2023-08-25,74,5,-0.0011179387408259522,0.004140774053330448,-0.005258712794156401,-0.0013179387408259523,-0.0054587127941564005,0.2,0.0002,0.2,0.223929206787151
2023-08-28,74,5,0.0013752197658152454,0.003902217725342553,-0.0025269979595273074,0.0009752197658152455,-0.002926997959527307,0.4,0.0004,0.2,-0.0033462765767779956
2023-08-29,74,5,0.0007853870561371591,0.0019432939908745968,-0.0011579069347374378,0.0005853870561371591,-0.0013579069347374377,0.2,0.0002,0.2,0.11022144539360568
2023-08-30,74,5,0.0010135093545514317,0.0016053749341102968,-0.0005918655795588651,0.0010135093545514317,-0.0005918655795588651,0.0,0.0,0.2,0.09945941252148316
2023-08-31,74,5,-0.0012479810108876554,0.00020304731740961938,-0.0014510283282972748,-0.0014479810108876555,-0.001651028328297275,0.2,0.0002,0.2,0.30361580672111543
2023-09-01,74,5,-0.00018058043798688584,-0.0016491087778587534,0.0014685283398718676,-0.00018058043798688584,0.0014685283398718676,0.0,0.0,0.2,0.29712020489603574
2023-09-04,74,5,0.002202853352998346,-0.001900462153423952,0.004103315506422298,0.0018028533529983461,0.003703315506422298,0.4,0.0004,0.2,-0.04373144193342071
2023-09-05,74,5,0.00331393692541984,-0.0013377759794249062,0.0046517129048447466,0.00311393692541984,0.004451712904844746,0.2,0.0002,0.2,0.11188365104394293
2023-09-06,74,5,0.0035731413938913416,-0.0018140336402246299,0.0053871750341159715,0.0033731413938913415,0.005187175034115971,0.2,0.0002,0.2,0.040994108350091096
2023-09-07,74,5,0.004065154636288018,0.0011117091562007591,0.0029534454800872584,0.0038651546362880175,0.0027534454800872583,0.2,0.0002,0.2,0.08018182587144906
2023-09-08,74,5,0.007549723787285005,0.00037561666195314177,0.007174107125331863,0.007349723787285005,0.006974107125331863,0.2,0.0002,0.2,0.09654039296011874
2023-09-11,74,5,0.004034377379590941,-0.0013713568878943245,0.005405734267485265,0.0038343773795909406,0.005205734267485265,0.2,0.0002,0.4,0.8811203986298715
2023-09-12,74,5,0.004530485641736059,-0.0013080217100681524,0.005838507351804211,0.004130485641736059,0.005438507351804211,0.4,0.0004,0.2,0.11253299170175879
2023-09-13,74,5,0.0023056799826777796,-0.0013656341669984581,0.0036713141496762377,0.0021056799826777795,0.0034713141496762376,0.2,0.0002,0.4,0.11530789966098354
2023-09-14,74,5,-0.0031384549796830545,-0.003266927437765551,0.00012847245808249655,-0.0033384549796830545,-7.152754191750354e-05,0.2,0.0002,0.2,0.28727942339258306
2023-09-15,74,5,-0.005499304368735771,-4.415140000899478e-05,-0.005455152968726776,-0.005699304368735771,-0.005655152968726776,0.2,0.0002,0.4,0.1240515723856852
2023-09-18,74,5,-0.007304441065387554,-0.0013091264918575823,-0.005995314573529972,-0.007504441065387554,-0.006195314573529971,0.2,0.0002,0.2,0.3128767084771944
2023-09-19,74,5,-0.009265497744633092,-0.001956962981724523,-0.00730853476290857,-0.009465497744633093,-0.00750853476290857,0.2,0.0002,0.2,0.4666791159121928
2023-09-20,74,5,-0.006734347050305209,-0.0006385057600977586,-0.00609584129020745,-0.007134347050305209,-0.0064958412902074505,0.4,0.0004,0.4,0.7287428255387027
2023-09-21,74,5,-0.002540096353050352,0.0003304329842628652,-0.002870529337313217,-0.002740096353050352,-0.003070529337313217,0.2,0.0002,0.4,1.0605954037416048
2023-09-22,74,5,0.001082895537710731,-0.0019958607828113165,0.0030787563205220475,0.0008828955377107309,0.0028787563205220474,0.2,0.0002,0.2,0.27675198729268047
2023-09-25,74,5,-0.0027113169568900642,-0.002481221503436315,-0.00023009545345374941,-0.0029113169568900643,-0.0004300954534537495,0.2,0.0002,0.2,0.5650705469648116
2023-09-26,74,5,-0.00505337490245521,-0.002338397444702254,-0.0027149774577529557,-0.00545337490245521,-0.003114977457752956,0.4,0.0004,0.2,0.29791464233638365
2023-09-27,74,5,-0.0019447927259106646,-0.0009833327181836794,-0.0009614600077269852,-0.0021447927259106644,-0.001161460007726985,0.2,0.0002,0.2,0.5466096860586127
2023-09-28,74,5,0.0007273375015596395,-0.002574383122642945,0.0033017206242025843,0.0003273375015596395,0.002901720624202584,0.4,0.0004,0.2,0.21637751678913375
2023-10-09,74,5,0.00210032213628998,-0.003226291508183159,0.005326613644473139,0.00190032213628998,0.005126613644473138,0.2,0.0002,0.2,-0.07428208005431003
2023-10-10,74,5,0.003500326005139067,-0.0012790906274569565,0.004779416632596023,0.003300326005139067,0.0045794166325960235,0.2,0.0002,0.2,-0.14006271151255056
2023-10-11,74,5,0.0038455983252535034,-0.0027640122810910586,0.0066096106063445615,0.0036455983252535033,0.006409610606344562,0.2,0.0002,0.2,-0.1564751038710952
2023-10-12,74,5,0.00016034351678045677,-0.0075751515477234434,0.0077354950645039,0.00016034351678045677,0.0077354950645039,0.0,0.0,0.2,-0.1583045431379002
2023-10-13,74,5,-0.004518596094481157,-0.006920817604919459,0.0024022215104383023,-0.004518596094481157,0.0024022215104383023,0.0,0.0,0.2,-0.13492580230850848
2023-10-16,74,5,-0.006695193842107772,-0.009015521271736087,0.002320327429628315,-0.006695193842107772,0.002320327429628315,0.0,0.0,0.2,-0.12139658287238042
2023-10-17,74,5,-0.003934830103216935,-0.00829637485272314,0.0043615447495062055,-0.003934830103216935,0.0043615447495062055,0.0,0.0,0.2,-0.12595821190409673
2023-10-18,74,5,-0.002584087340013963,-0.004513744885769253,0.0019296575457552903,-0.002584087340013963,0.0019296575457552903,0.0,0.0,0.2,-0.12305318605253568
2023-10-19,74,5,0.0015554157131019153,-0.00015507358691790933,0.0017104893000198247,0.0015554157131019153,0.0017104893000198247,0.0,0.0,0.2,-0.11855240990453453
2023-10-20,74,5,0.005510460353847457,0.003714724380827756,0.0017957359730197014,0.005510460353847457,0.0017957359730197014,0.0,0.0,0.2,-0.12211840608670599
2023-10-23,74,5,0.011635988806005516,0.007078884004506823,0.004557104801498692,0.011435988806005515,0.004357104801498692,0.2,0.0002,0.2,-0.27828264695921767
2023-10-24,74,5,0.012043265937278233,0.005514738537900054,0.006528527399378179,0.012043265937278233,0.006528527399378179,0.0,0.0,0.2,-0.2735514474709664
2023-10-25,74,5,0.012456432826503942,0.0031996663746999346,0.009256766451804007,0.012456432826503942,0.009256766451804007,0.0,0.0,0.2,-0.2874373060169386
2023-10-26,74,5,0.012683666082059925,0.0009780382381622196,0.011705627843897705,0.012483666082059924,0.011505627843897704,0.2,0.0002,0.2,-0.25446911886268
2023-10-27,74,5,0.008244096181979499,-0.0005477093567726722,0.008791805538752171,0.008244096181979499,0.008791805538752171,0.0,0.0,0.2,-0.23597368593519263
2023-10-30,74,5,0.005819517947839463,0.0005712850858287118,0.005248232862010751,0.005819517947839463,0.005248232862010751,0.0,0.0,0.2,-0.20746417549983853
2023-10-31,74,5,0.004387125191509024,0.00024334487790199973,0.004143780313607025,0.004187125191509025,0.003943780313607025,0.2,0.0002,0.2,-0.05902212863640344
2023-11-01,74,5,0.004624816305702071,-0.00016655142657099963,0.004791367732273071,0.004624816305702071,0.004791367732273071,0.0,0.0,0.2,-0.056456063605718754
2023-11-02,74,5,0.0046914243784823475,0.0015782149827923628,0.0031132093956899847,0.0046914243784823475,0.0031132093956899847,0.0,0.0,0.2,-0.05494953320751783
2023-11-03,74,5,0.00232833727146474,-0.00020576076147295545,0.002534098032937696,0.00212833727146474,0.0023340980329376957,0.2,0.0002,0.2,-0.005887647993553458
2023-11-06,74,5,-0.004215971252454653,-0.0013370706435806266,-0.002878900608874027,-0.004415971252454653,-0.0030789006088740266,0.2,0.0002,0.2,-0.18143683058565507
2023-11-07,74,5,-0.0025298845698625747,-0.0006086973256720582,-0.0019211872441905165,-0.0025298845698625747,-0.0019211872441905165,0.0,0.0,0.2,-0.18260641586323345
2023-11-08,74,5,-0.0014619311520507993,0.0015471624854255267,-0.003009093637476326,-0.0014619311520507993,-0.003009093637476326,0.0,0.0,0.2,-0.18371523312997518
2023-11-09,74,5,-4.794471506491593e-05,-0.0004869388531688324,0.0004389941381039165,-0.00024794471506491597,0.00023899413810391645,0.2,0.0002,0.2,-0.34636692764274635
2023-11-10,74,5,-0.0030523697267613946,2.7795237209082537e-05,-0.003080164963970477,-0.0032523697267613947,-0.003280164963970477,0.2,0.0002,0.4,-0.6049231300327413
2023-11-13,74,5,-0.001708653987668094,0.0006035320421546861,-0.0023121860298227805,-0.0019086539876680942,-0.00251218602982278,0.2,0.0002,0.2,-0.19623986113655079
2023-11-14,74,5,-0.004040612900554304,0.0005271961051983399,-0.004567809005752644,-0.004240612900554303,-0.004767809005752644,0.2,0.0002,0.4,-0.3091860434846918
2023-11-15,74,5,-0.0037184006141612394,-0.0021965129882758386,-0.0015218876258854008,-0.003918400614161239,-0.0017218876258854004,0.2,0.0002,0.2,0.5055089833743196
2023-11-16,74,5,0.0008997014149174466,0.000478165653927878,0.00042153576098956857,0.0008997014149174466,0.00042153576098956857,0.0,0.0,0.2,0.5015974532015548
2023-11-17,74,5,-0.0025605804374537744,-0.0006462499902377098,-0.0019143304472160646,-0.0027605804374537745,-0.0021143304472160647,0.2,0.0002,0.2,-0.21526916551152375
2023-11-20,74,5,-0.0009939310631793406,-0.0020385176759178157,0.001044586612738475,-0.0011939310631793407,0.000844586612738475,0.2,0.0002,0.2,0.49908358479330417
2023-11-21,74,5,0.0004916514669332584,-0.0018890605775342246,0.0023807120444674828,9.165146693325838e-05,0.001980712044467483,0.4,0.0004,0.2,0.03350331582705479
2023-11-22,74,5,0.00436474861505979,-0.0016624114478514234,0.006027160062911214,0.00396474861505979,0.0056271600629112135,0.4,0.0004,0.2,0.5056359850865988
2023-11-23,74,5,0.00012992493534393022,-0.0021221138678199467,0.002252038803163877,-7.007506465606979e-05,0.002052038803163877,0.2,0.0002,0.4,0.5711294481726874
2023-11-24,74,5,-0.0003037346432816701,-0.0012164452836065682,0.0009127106403248981,-0.0005037346432816702,0.000712710640324898,0.2,0.0002,0.2,0.5008008251158493
2023-11-27,74,5,0.0023641653551152377,-0.001259623874190726,0.0036237892293059636,0.0019641653551152375,0.0032237892293059634,0.4,0.0004,0.2,0.37176006747062473
2023-11-28,74,5,0.00024306403039137337,-0.005082733286791374,0.005325797317182748,4.306403039137336e-05,0.005125797317182748,0.2,0.0002,0.2,-0.4042210208397776
2023-11-29,74,5,-0.001759142218508649,-0.0040668422856813165,0.0023077000671726674,-0.001959142218508649,0.0021077000671726673,0.2,0.0002,0.2,0.3836075694983414
2023-11-30,74,5,-0.00041993138481928317,-0.005243757585671722,0.004823826200852439,-0.0006199313848192832,0.004623826200852439,0.2,0.0002,0.2,0.2306337850751028
2023-12-01,74,5,0.0015298401796247552,-0.004310480329926778,0.005840320509551533,0.0011298401796247552,0.005440320509551533,0.4,0.0004,0.2,-0.34888210693845423
2023-12-04,74,5,0.0014267856137417834,-0.002587567793745996,0.00401435340748778,0.0014267856137417834,0.00401435340748778,0.0,0.0,0.2,-0.33927354888542816
2023-12-05,74,5,0.007744686843578883,0.0019204991104343767,0.005824187733144506,0.007544686843578883,0.005624187733144506,0.2,0.0002,0.2,-0.10000586374146003
2023-12-06,74,5,0.003988071621861957,-0.0004675303145464962,0.004455601936408453,0.003788071621861957,0.004255601936408453,0.2,0.0002,0.2,-0.33008309441321515
2023-12-07,74,5,0.0012988871100286126,-0.0005756360302378622,0.0018745231402664748,0.0010988871100286125,0.0016745231402664747,0.2,0.0002,0.4,-0.279273508494736
2023-12-08,74,5,-0.0011995758474959706,-0.002492102297642507,0.0012925264501465364,-0.0013995758474959707,0.0010925264501465363,0.2,0.0002,0.2,-0.11259292911630325
2023-12-11,74,5,-0.0022865377009239607,-0.004426648971820819,0.0021401112708968584,-0.002486537700923961,0.0019401112708968583,0.2,0.0002,0.2,-0.3210940049328812
2023-12-12,74,5,-0.00207707501141523,-0.005594094337880901,0.003517019326465671,-0.0022770750114152302,0.003317019326465671,0.2,0.0002,0.2,-0.10286161289518425
2023-12-13,74,5,-4.046009744167911e-05,-0.004925965855865086,0.0048855057584234075,-0.0002404600974416791,0.004685505758423407,0.2,0.0002,0.2,-0.09347638155034232
2023-12-14,74,5,-0.0009239854212990427,-0.002973968316539233,0.0020499828952401907,-0.0011239854212990428,0.0018499828952401904,0.2,0.0002,0.2,0.06626914888800783
2023-12-15,74,5,0.00030724721755118087,-0.0006778402975240055,0.0009850875150751864,0.00010724721755118086,0.0007850875150751863,0.2,0.0002,0.2,-0.15156629279109346
2023-12-18,74,5,0.00020870245337999195,0.0007722313736299196,-0.0005635289202499277,8.702453379991941e-06,-0.0007635289202499277,0.2,0.0002,0.2,-0.08231829831161441
2023-12-19,74,5,-0.0011801521285631944,0.00018312726480801308,-0.0013632793933712076,-0.0013801521285631945,-0.0015632793933712077,0.2,0.0002,0.2,0.07761360523238103
2023-12-20,74,5,0.0019308359274865738,0.003211876834633634,-0.0012810409071470604,0.0017308359274865737,-0.0014810409071470605,0.2,0.0002,0.2,-0.1130117652688849
2023-12-21,74,5,0.0004497997973488088,0.00489330403182533,-0.004443504234476521,0.0002497997973488088,-0.004643504234476521,0.2,0.0002,0.2,0.0770433428827495
2023-12-22,74,5,0.0020549895871837752,0.004499921287593908,-0.002444931700410133,0.0018549895871837752,-0.002644931700410133,0.2,0.0002,0.2,0.06310151876760628
2023-12-25,74,5,0.0034863212113542775,0.0032767387408408144,0.00020958247051346308,0.0032863212113542774,9.582470513462994e-06,0.2,0.0002,0.4,0.22986211613340224
2023-12-26,74,5,0.00394847963637809,0.0046154712444490325,-0.0006669916080709421,0.00394847963637809,-0.0006669916080709421,0.0,0.0,0.4,0.2385430766833263
2023-12-27,74,5,-0.0006312188583623213,0.0021351545495419456,-0.0027663734079042667,-0.0006312188583623213,-0.0027663734079042667,0.0,0.0,0.4,0.2509828853223066
2023-12-28,74,5,0.0029745314487729544,-0.002324222002898251,0.0052987534516712054,0.0029745314487729544,0.0052987534516712054,0.0,0.0,0.4,0.2136887678251682
2023-12-29,74,5,0.00010286184957704058,-0.005019103385679917,0.005121965235256958,0.00010286184957704058,0.005121965235256958,0.0,0.0,0.4,0.21629243017900635
2024-01-02,74,5,-0.003974087328329508,-0.004197113823671202,0.00022302649534169418,-0.003974087328329508,0.00022302649534169418,0.0,0.0,0.4,0.2311027245445345
2024-01-03,74,5,-0.0056508974871981015,-0.005073609305287973,-0.0005772881819101289,-0.0056508974871981015,-0.0005772881819101289,0.0,0.0,0.4,0.23530437089364753
2024-01-04,74,5,-0.0038910336277845166,-0.003423007131957012,-0.00046802649582750435,-0.004091033627784516,-0.000668026495827504,0.2,0.0002,0.2,0.023694141147537096
2024-01-05,74,5,-0.0004866097002106251,-0.0023804410581710865,0.0018938313579604615,-0.0006866097002106251,0.0016938313579604614,0.2,0.0002,0.2,-0.0981658638876084
2024-01-08,74,5,0.003497683292626745,-4.496016093627801e-05,0.003542643453563023,0.003097683292626745,0.0031426434535630227,0.4,0.0004,0.2,-0.21987113970063454
2024-01-09,74,5,0.004958398484585556,0.0003545454177044348,0.004603853066881121,0.004958398484585556,0.004603853066881121,0.0,0.0,0.2,-0.2213909498590585
2024-01-10,74,5,0.002363319966988886,-0.0037724379868075268,0.006135757953796413,0.001963319966988886,0.005735757953796413,0.4,0.0004,0.2,-0.5011277725559768
2024-01-11,74,5,0.0026902445576336607,-0.0025056278407381374,0.005195872398371798,0.0024902445576336606,0.0049958723983717975,0.2,0.0002,0.2,-0.4934399265643723
2024-01-12,74,5,-0.0005340257687345895,-0.0027076670635506604,0.002173641294816071,-0.0007340257687345895,0.001973641294816071,0.2,0.0002,0.2,-0.6632495598792101
2024-01-15,74,5,-0.012591629393115266,-0.007359512080375173,-0.005232117312740093,-0.012791629393115267,-0.0054321173127400936,0.2,0.0002,0.2,-0.49858497254776957
2024-01-16,74,5,-0.0051932892576705345,-0.006813599940235282,0.0016203106825647476,-0.005393289257670534,0.001420310682564748,0.2,0.0002,0.2,-0.6438368315110541
2024-01-17,74,5,0.0011553555711429331,0.000903102084258232,0.0002522534868847011,0.0009553555711429331,5.225348688470111e-05,0.2,0.0002,0.4,-0.4948320904821575
2024-01-18,74,5,-0.003456681015879175,0.00509469114845492,-0.008551372164334095,-0.003656681015879175,-0.008751372164334095,0.2,0.0002,0.6000000000000001,-0.4258421490622126
2024-01-19,74,5,0.0013614448658371757,0.006264382064304813,-0.004902937198467638,0.0013614448658371757,-0.004902937198467638,0.0,0.0,0.6000000000000001,-0.4462987368061224
2024-01-22,74,5,-0.0023029326830645716,0.010383954240545824,-0.012686886923610394,-0.0023029326830645716,-0.012686886923610394,0.0,0.0,0.6000000000000001,-0.4383149673914559
2024-01-23,74,5,-0.00806545639540854,0.005151588880437607,-0.013217045275846146,-0.00826545639540854,-0.013417045275846147,0.2,0.0002,0.4,-0.48305091955007917
2024-01-24,74,5,-9.393951375237464e-05,-0.0015105439152015537,0.0014166044014491791,-0.00029393951375237463,0.001216604401449179,0.2,0.0002,0.2,0.13142479177671795
2024-01-25,74,5,-0.007941891589005934,-0.007350959787700883,-0.0005909318013050512,-0.008141891589005934,-0.0007909318013050518,0.2,0.0002,0.4,-0.5140946610875066
2024-01-26,74,5,-0.0012210675762325707,-0.010163789344867554,0.008942721768634983,-0.0018210675762325708,0.008342721768634983,0.6000000000000001,0.0006000000000000001,0.2,-0.12920489920703204
2024-01-29,74,5,-0.0005451389907884785,-0.01001992930047225,0.009474790309683772,-0.0005451389907884785,0.009474790309683772,0.0,0.0,0.2,-0.11639995530290648
2024-01-30,74,5,0.0068014728939997495,0.0007289473220983269,0.0060725255719014225,0.00660147289399975,0.005872525571901423,0.2,0.0002,0.2,0.22276655605018725
2024-01-31,74,5,0.009950749748191705,0.007339108519748341,0.0026116412284433637,0.009750749748191704,0.002411641228443363,0.2,0.0002,0.2,-0.013897823811319654
2024-02-01,74,5,0.007120756248218729,0.0090386074834298,-0.001917851235211071,0.006520756248218729,-0.002517851235211071,0.6000000000000001,0.0006000000000000001,0.2,-0.36034858463658637
2024-02-02,74,5,0.018497570153818445,0.014859332265060473,0.0036382378887579725,0.018097570153818444,0.0032382378887579714,0.4,0.0004,0.2,-0.3242763514142162
2024-02-05,74,5,0.01683277084733918,0.016731060343763617,0.0001017105035755611,0.01683277084733918,0.0001017105035755611,0.0,0.0,0.2,-0.3037502759412227
2024-02-06,74,5,0.011601364694260515,0.010096584906706651,0.0015047797875538636,0.011601364694260515,0.0015047797875538636,0.0,0.0,0.2,-0.33203830302081094
2024-02-07,74,5,0.010861503387991437,0.008923030724666927,0.00193847266332451,0.010861503387991437,0.00193847266332451,0.0,0.0,0.2,-0.32198761433650525
2024-02-08,74,5,0.013249037081165893,0.00825549525000398,0.004993541831161914,0.013049037081165893,0.004793541831161914,0.2,0.0002,0.2,0.17969361346527535
2024-02-19,74,5,0.0016870672943118104,0.0027686945749216415,-0.001081627280609831,0.0014870672943118103,-0.0012816272806098312,0.2,0.0002,0.2,0.4551317501921517
2024-02-20,74,5,0.0037801474281275913,0.004098459426145774,-0.00031831199801818236,0.0037801474281275913,-0.00031831199801818236,0.0,0.0,0.2,0.45512405582131166
2024-02-21,74,5,0.0029658962261055596,0.00015084979246386096,0.002815046433641699,0.0027658962261055595,0.0026150464336416987,0.2,0.0002,0.2,0.15490294847429809
2024-02-22,74,5,0.004489505319056954,0.0017247629457495435,0.0027647423733074107,0.004289505319056954,0.002564742373307411,0.2,0.0002,0.2,0.14792752118130537
2024-02-23,74,5,0.003355792567884315,0.0017728798342289387,0.0015829127336553762,0.003355792567884315,0.0015829127336553762,0.0,0.0,0.2,0.14475498534477182
2024-02-26,74,5,0.006816709386035154,0.005061662624766951,0.0017550467612682035,0.006816709386035154,0.0017550467612682035,0.0,0.0,0.2,0.1507739855853103
2024-02-27,74,5,0.007167281715389447,0.004159188892488145,0.0030080928229013013,0.006967281715389447,0.0028080928229013017,0.2,0.0002,0.4,0.41618558249363957
2024-02-28,74,5,0.007074772209029993,0.0064269242602648016,0.0006478479487651914,0.006674772209029993,0.00024784794876519124,0.4,0.0004,0.2,-0.16845786447241906
2024-02-29,74,5,0.0012316423472180115,0.0019566929510004207,-0.0007250506037824091,0.0010316423472180114,-0.0009250506037824092,0.2,0.0002,0.4,0.11244494030595575
2024-03-01,74,5,0.0012002941324691107,0.0016860799923950221,-0.0004857858599259114,0.0010002941324691106,-0.0006857858599259115,0.2,0.0002,0.2,-0.1617158193543915
2024-03-04,74,5,-0.0022211007021537377,0.0018880939636355717,-0.004109194665789309,-0.0024211007021537377,-0.00430919466578931,0.2,0.0002,0.4,-0.14495127862828028
2024-03-05,74,5,-0.009727951394364479,0.00021206927419246724,-0.009940020668556947,-0.00992795139436448,-0.010140020668556947,0.2,0.0002,0.2,-0.11475196803169752
2024-03-06,74,5,-0.010946272993460711,-0.00022172423242532136,-0.01072454876103539,-0.010946272993460711,-0.01072454876103539,0.0,0.0,0.2,-0.11130134046012685
2024-03-07,74,5,-0.004119681019430081,3.8775133226359876e-05,-0.004158456152656441,-0.0043196810194300805,-0.004358456152656441,0.2,0.0002,0.2,-0.03275331506715062
2024-03-08,74,5,0.0016179762753497772,0.0004482293346328617,0.0011697469407169155,0.0016179762753497772,0.0011697469407169155,0.0,0.0,0.2,-0.034217309992651934
2024-03-11,74,5,0.00659719318538868,0.0007469111567459924,0.005850282028642688,0.00619719318538868,0.005450282028642688,0.4,0.0004,0.2,0.12005119337133863
2024-03-12,74,5,0.007954423823178233,-0.0005583031151617414,0.008512726938339973,0.007754423823178233,0.008312726938339975,0.2,0.0002,0.2,-0.41981856286886554
2024-03-13,74,5,0.011152506372375363,0.0012827709691867139,0.009869735403188648,0.011152506372375363,0.009869735403188648,0.0,0.0,0.2,-0.42085723125325813
2024-03-14,74,5,0.012523886321980066,0.0013175762600167252,0.011206310061963341,0.012123886321980066,0.01080631006196334,0.4,0.0004,0.2,-0.5589849574856736
2024-03-15,74,5,0.0020381468205509503,-0.0018072123786891149,0.003845359199240065,0.0018381468205509502,0.0036453591992400653,0.2,0.0002,0.2,-0.48353020190802454
2024-03-18,74,5,-0.0013719335504877648,-0.004317211030887647,0.0029452774803998823,-0.0013719335504877648,0.0029452774803998823,0.0,0.0,0.2,-0.47721845933056706
2024-03-19,74,5,0.0014218647201973144,-0.0018387548667771624,0.003260619586974477,0.0014218647201973144,0.003260619586974477,0.0,0.0,0.2,-0.47582971463178936
2024-03-20,74,5,-0.005265080969552618,-0.005001116378656788,-0.0002639645908958299,-0.005465080969552618,-0.00046396459089582953,0.2,0.0002,0.2,-0.5035445677171317
2024-03-21,74,5,-8.766270902051953e-05,-0.003077650827249813,0.0029899881182292934,-8.766270902051953e-05,0.0029899881182292934,0.0,0.0,0.2,-0.5091139248348941
2024-03-22,74,5,0.007276555178038868,0.0010911396486086911,0.0061854155294301764,0.007276555178038868,0.0061854155294301764,0.0,0.0,0.2,-0.510694972427963
2024-03-25,73,5,0.01674434945511222,0.004299208868543769,0.012445140586568452,0.016544349455112222,0.012245140586568453,0.2,0.0002,0.4,-0.32271845362940965
2024-03-26,73,5,0.013748929538742844,0.0029567504431035002,0.010792179095639343,0.013548929538742843,0.010592179095639344,0.2,0.0002,0.4,-0.31384458308145646
2024-03-27,74,5,0.01058715752243808,0.005030327837302357,0.0055568296851357234,0.01038715752243808,0.005356829685135723,0.2,0.0002,0.4,-0.29679187573216836
2024-03-28,74,5,0.010039551493493204,0.0029815831053683914,0.007057968388124812,0.010039551493493204,0.007057968388124812,0.0,0.0,0.4,-0.2941328474049687
2024-03-29,73,5,0.0020349431738319714,0.0007185427032419344,0.0013164004705900371,0.0018349431738319713,0.001116400470590037,0.2,0.0002,0.4,-0.3197217651831732
2024-04-01,74,5,0.002515257389133656,-0.0018897427428894316,0.004405000132023088,0.002315257389133656,0.004205000132023087,0.2,0.0002,0.4,-0.2336322978202059
2024-04-02,74,5,0.004299847866696824,-0.0006041966715764324,0.0049040445382732565,0.004099847866696825,0.004704044538273257,0.2,0.0002,0.4,-0.21290619415389855
2024-04-03,74,5,0.004372821077428344,-0.0014893397109094829,0.005862160788337827,0.004372821077428344,0.005862160788337827,0.0,0.0,0.4,-0.1861123035168344
2024-04-08,74,5,0.001153494099671426,0.0030264566468714013,-0.0018729625471999754,0.001153494099671426,-0.0018729625471999754,0.0,0.0,0.4,-0.1677180193951422
2024-04-09,74,5,0.002509899940758964,0.00024666841971269317,0.002263231521046271,0.002309899940758964,0.002063231521046271,0.2,0.0002,0.4,-0.2832972965676692
2024-04-10,74,5,0.001818399127545258,0.004303217414177317,-0.002484818286632059,0.001818399127545258,-0.002484818286632059,0.0,0.0,0.4,-0.2613436055243188
2024-04-11,74,5,0.004822515877219589,0.003265285577214927,0.001557230300004662,0.004822515877219589,0.001557230300004662,0.0,0.0,0.4,-0.27030119007253894
2024-04-12,74,5,-0.0005780182051204807,0.003690504796997058,-0.0042685230021175385,-0.0007780182051204807,-0.004468523002117539,0.2,0.0002,0.2,-0.21736295435320407
2024-04-15,74,5,-0.008597105478166615,-0.001269135031445958,-0.007327970446720657,-0.008797105478166615,-0.007527970446720657,0.2,0.0002,0.4,-0.19165586037388493
2024-04-16,74,5,-0.0052983696185566215,-0.0013838739411248112,-0.003914495677431811,-0.005498369618556621,-0.0041144956774318096,0.2,0.0002,0.4,-0.21011488850614057
2024-04-17,74,5,-0.0037802169731744814,-0.003329335655405642,-0.0004508813177688392,-0.004180216973174482,-0.0008508813177688394,0.4,0.0004,0.2,-0.16608271041953593
2024-04-18,74,5,-0.008101467032912923,-0.0034548217418997962,-0.004646645291013127,-0.008301467032912924,-0.004846645291013128,0.2,0.0002,0.2,-0.10276927771726818
2024-04-19,75,5,-0.0025744700616030644,-0.00012675579519953246,-0.0024477142664035318,-0.0027744700616030645,-0.002647714266403532,0.2,0.0002,0.2,-0.17042257599190336
2024-04-22,75,5,-0.0010150513382409178,0.0024417166188363706,-0.0034567679570772884,-0.0010150513382409178,-0.0034567679570772884,0.0,0.0,0.2,-0.18185484087885584
2024-04-23,74,5,0.0054775502599525,0.005176402635349889,0.0003011476246026108,0.0054775502599525,0.0003011476246026108,0.0,0.0,0.2,-0.21753354411991133
2024-04-24,74,5,0.012234127300956587,0.0068983667677109,0.005335760533245687,0.012034127300956586,0.005135760533245687,0.2,0.0002,0.2,0.009756667299711808
2024-04-25,74,5,0.012161376368388552,0.0077402371712913,0.004421139197097252,0.011961376368388552,0.004221139197097251,0.2,0.0002,0.2,0.1290908275099767
2024-04-26,74,5,0.005079332419005711,0.003375840081167445,0.001703492337838266,0.005079332419005711,0.001703492337838266,0.0,0.0,0.2,0.14427150868787209
2024-04-29,74,5,0.008327589241575816,0.0041833929833252,0.004144196258250616,0.008327589241575816,0.004144196258250616,0.0,0.0,0.2,0.1306022290490816
2024-04-30,75,5,0.012483910879386429,0.005291623166982095,0.007192287712404334,0.012283910879386429,0.006992287712404333,0.2,0.0002,0.2,0.016591415703569368
2024-05-06,75,5,0.008467916132520195,0.002960728262636177,0.005507187869884018,0.008467916132520195,0.005507187869884018,0.0,0.0,0.2,0.03743624433308668
2024-05-07,75,5,0.006834743057916847,0.00239744053806963,0.004437302519847218,0.006834743057916847,0.004437302519847218,0.0,0.0,0.2,0.042197235656455945
2024-05-08,75,5,0.005120616091650079,0.0017500713742570277,0.003370544717393051,0.0047206160916500785,0.0029705447173930507,0.4,0.0004,0.2,0.08432519344394507
2024-05-09,75,5,0.001199980423562721,-0.001107945141555692,0.0023079255651184127,0.0009999804235627208,0.002107925565118413,0.2,0.0002,0.2,0.07511832986962119
2024-05-10,75,5,-0.0018419678678526941,-0.0008841036364440693,-0.0009578642314086248,-0.0018419678678526941,-0.0009578642314086248,0.0,0.0,0.2,0.07472007630886779
2024-05-13,75,5,-0.00624479041630432,-0.0002675005754694624,-0.005977289840834858,-0.00644479041630432,-0.006177289840834857,0.2,0.0002,0.2,-0.05304159641953987
2024-05-14,75,5,-0.005923601864390622,-0.0012812532808100386,-0.004642348583580583,-0.006123601864390622,-0.004842348583580583,0.2,0.0002,0.2,-0.26732755573319267
2024-05-15,75,5,-0.007835166247851504,0.0007051965813486273,-0.008540362829200131,-0.008035166247851505,-0.008740362829200132,0.2,0.0002,0.2,-0.07308927750684191
2024-05-16,75,5,-0.0016806110196621391,-0.0013242797369865742,-0.0003563312826755649,-0.0018806110196621392,-0.000556331282675565,0.2,0.0002,0.2,-0.1466777703385258
2024-05-17,75,5,-0.006117795679594127,-0.003245747443544919,-0.0028720482360492083,-0.006117795679594127,-0.0028720482360492083,0.0,0.0,0.2,-0.14137564774309297
2024-05-20,75,5,-0.004601137120421983,-0.002337980664063865,-0.002263156456358118,-0.004601137120421983,-0.002263156456358118,0.0,0.0,0.2,-0.1494065947769645
2024-05-21,75,5,-0.007038107965005103,-0.002416537284872529,-0.004621570680132574,-0.0072381079650051024,-0.004821570680132573,0.2,0.0002,0.2,-0.0688840711529366
2024-05-22,75,5,-0.0018101337338541023,-0.0016352833656317713,-0.00017485036822233093,-0.0018101337338541023,-0.00017485036822233093,0.0,0.0,0.2,-0.08872573943475714
2024-05-23,75,5,-0.0029287864927747265,0.00023814546523055007,-0.0031669319580052767,-0.0029287864927747265,-0.0031669319580052767,0.0,0.0,0.2,-0.08340405793711625
2024-05-24,75,5,-0.0030548946255380604,-1.6007619610106144e-05,-0.0030388870059279544,-0.0032548946255380605,-0.0032388870059279545,0.2,0.0002,0.2,0.16086285995056926
2024-05-27,75,5,-0.003811108788549733,-0.0019154865381917445,-0.0018956222503579885,-0.003811108788549733,-0.0018956222503579885,0.0,0.0,0.2,0.16437326035815403
2024-05-28,75,5,0.0003319508446597208,0.0012783605512957502,-0.0009464097066360295,0.0001319508446597208,-0.0011464097066360293,0.2,0.0002,0.2,-0.12127415591615787
2024-05-29,75,5,-0.003941317102442445,-0.00020951025241238151,-0.0037318068500300635,-0.0041413171024424445,-0.003931806850030063,0.2,0.0002,0.2,-0.15386319889038624
2024-05-30,75,5,-0.0004904768196315334,0.0005712692775710311,-0.0010617460972025645,-0.0004904768196315334,-0.0010617460972025645,0.0,0.0,0.2,-0.16627837409404655
2024-05-31,75,5,0.0013743134997247753,0.0019822006890510323,-0.000607887189326257,0.0013743134997247753,-0.000607887189326257,0.0,0.0,0.2,-0.16588435185625805
2024-06-03,75,5,-0.000998886627684974,-0.0001582142711238831,-0.0008406723565610908,-0.0013988866276849739,-0.0012406723565610907,0.4,0.0004,0.2,-0.25168825229697944
2024-06-04,75,5,-0.0011437687198889758,-0.0015865160807107923,0.0004427473608218165,-0.0013437687198889759,0.0002427473608218164,0.2,0.0002,0.2,-0.10956628218331232
2024-06-05,75,5,-0.00016452315508034497,-0.001972015370980108,0.0018074922158997629,-0.000364523155080345,0.0016074922158997628,0.2,0.0002,0.2,-0.08783033711216959
2024-06-06,75,5,0.001952075607013466,-0.0019138317115925077,0.0038659073186059737,0.0017520756070134658,0.0036659073186059736,0.2,0.0002,0.4,-0.07312917704524935
2024-06-07,75,5,-0.003348853615636358,-0.0031470901545848085,-0.00020176346105154957,-0.003348853615636358,-0.00020176346105154957,0.0,0.0,0.4,-0.06074619006270865
2024-06-11,75,5,0.0025105207085182714,-0.0008512442249539627,0.003361764933472234,0.0023105207085182713,0.003161764933472234,0.2,0.0002,0.2,-0.17545554681725228
2024-06-12,75,5,-0.0009133352631828194,-0.002703145920833942,0.0017898106576511228,-0.0011133352631828195,0.0015898106576511227,0.2,0.0002,0.4,-0.20184921397244437
2024-06-13,75,5,0.0006591097999648365,-0.002717924079494466,0.003377033879459303,0.00045910979996483653,0.003177033879459303,0.2,0.0002,0.2,-0.26744536824159937
2024-06-14,75,5,0.004094033217616735,-0.002944023763042292,0.007038056980659027,0.0036940332176167347,0.006638056980659027,0.4,0.0004,0.4,0.23338510061550366
2024-06-17,75,5,0.0027143032904587325,-0.0034064498149684666,0.0061207531054272,0.0025143032904587324,0.005920753105427199,0.2,0.0002,0.4,-0.00932464085289908
2024-06-18,75,5,0.0005019649344353815,-0.004345484162257932,0.004847449096693313,0.0005019649344353815,0.004847449096693313,0.0,0.0,0.4,-0.009731591153339991
2024-06-19,75,5,0.0005838494713425568,-0.0020038113420289285,0.002587660813371485,0.0003838494713425568,0.0023876608133714854,0.2,0.0002,0.4,0.2586336005740506
2024-06-20,75,5,-0.0006673046720923059,-0.002605732128456527,0.001938427456364221,-0.0008673046720923059,0.001738427456364221,0.2,0.0002,0.4,0.011615173266093848
2024-06-21,75,5,0.0012274503445993544,-0.00042418136615190126,0.0016516317107512558,0.0010274503445993543,0.0014516317107512557,0.2,0.0002,0.4,0.031495035169612606
2024-06-24,75,5,0.0028407164522861275,0.00267695383150129,0.00016376262078483762,0.0028407164522861275,0.00016376262078483762,0.0,0.0,0.4,0.04112404383844748
2024-06-25,75,5,0.0041085324445331705,0.0019361982595310235,0.002172334185002147,0.003908532444533171,0.0019723341850021473,0.2,0.0002,0.2,-0.01701750746047992
2024-06-26,75,5,0.007900697079511385,0.0003109042115241959,0.00758979286798719,0.007500697079511385,0.0071897928679871895,0.4,0.0004,0.2,0.18732691456195028
2024-06-27,75,5,0.006756806406825744,0.0008195952373855463,0.0059372111694401975,0.006356806406825744,0.005537211169440197,0.4,0.0004,0.4,0.3566382711949174
2024-06-28,75,5,0.0030356272147069817,-0.0007550556957855695,0.0037906829104925512,0.0030356272147069817,0.0037906829104925512,0.0,0.0,0.4,0.36138938000792464
2024-07-01,75,5,0.002828851721103436,-0.003890423393824427,0.006719275114927863,0.002628851721103436,0.006519275114927863,0.2,0.0002,0.2,-0.11484777493660303
2024-07-02,75,5,0.007164532787363597,-0.0009883064503616401,0.008152839237725237,0.006964532787363598,0.007952839237725239,0.2,0.0002,0.4,-0.024850699535889476
2024-07-03,75,5,-0.0005729282676975922,-0.0020919928751466374,0.0015190646074490451,-0.0005729282676975922,0.0015190646074490451,0.0,0.0,0.4,-0.007810212794979066
2024-07-04,75,5,0.0017312005111332774,0.0024448743501690293,-0.0007136738390357519,0.0017312005111332774,-0.0007136738390357519,0.0,0.0,0.4,-0.0031704701216987985
2024-07-05,75,5,0.0014968866693096361,0.0015779343543479798,-8.104768503834365e-05,0.001296886669309636,-0.00028104768503834374,0.2,0.0002,0.4,0.3722345806219849
2024-07-08,75,5,0.004894848607483837,0.003672962499864065,0.0012218861076197718,0.004494848607483837,0.0008218861076197716,0.4,0.0004,0.2,-0.0469208680082005
2024-07-09,75,5,0.005579411770721072,0.003239374151861446,0.0023400376188596264,0.005379411770721073,0.0021400376188596268,0.2,0.0002,0.2,-0.2063244701468303
2024-07-10,75,5,0.003561227429619525,0.004856143965616145,-0.0012949165359966196,0.003361227429619525,-0.0014949165359966197,0.2,0.0002,0.4,0.4395091863381957
2024-07-11,75,5,0.0029410281771911385,0.003397438560881247,-0.0004564103836901083,0.0027410281771911385,-0.0006564103836901084,0.2,0.0002,0.2,-0.05144145539111733
2024-07-12,75,5,0.0028374520282642202,0.004331131090419071,-0.0014936790621548506,0.0028374520282642202,-0.0014936790621548506,0.0,0.0,0.2,-0.05663781988147676
2024-07-15,75,5,0.0014311163099508173,0.0026280726376879887,-0.0011969563277371715,0.0012311163099508172,-0.0013969563277371716,0.2,0.0002,0.2,-0.10666045798375023
2024-07-16,75,5,-0.00815751985515627,-0.0028746415963846234,-0.005282878258771648,-0.00815751985515627,-0.005282878258771648,0.0,0.0,0.2,-0.09310155380649121
2024-07-17,75,5,-0.002215917249564612,-0.0033552450002983835,0.0011393277507337715,-0.002415917249564612,0.0009393277507337714,0.2,0.0002,0.2,-0.2195397072378853
2024-07-18,75,5,-0.008848709066059479,-0.006541067928790133,-0.002307641137269346,-0.00904870906605948,-0.0025076411372693466,0.2,0.0002,0.4,0.31569099326608097
2024-07-19,74,5,-0.010017372168344255,-0.0059069563480289205,-0.004110415820315335,-0.010217372168344256,-0.004310415820315335,0.2,0.0002,0.4,0.023467761418693556
2024-07-22,74,5,-0.007483364753649494,-0.005765389365465638,-0.0017179753881838558,-0.007483364753649494,-0.0017179753881838558,0.0,0.0,0.4,0.028879666390743353
2024-07-23,74,5,-0.0023091063997456108,-0.0030538649238198417,0.0007447585240742309,-0.0023091063997456108,0.0007447585240742309,0.0,0.0,0.4,0.02000188440860029
2024-07-24,74,5,-0.005297148074540292,0.001459312125049799,-0.006756460199590092,-0.005297148074540292,-0.006756460199590092,0.0,0.0,0.4,0.038534144051901364
2024-07-25,74,5,0.0047772271568523855,0.0013828019517361982,0.0033944252051161874,0.0047772271568523855,0.0033944252051161874,0.0,0.0,0.4,0.0036647954864363896
2024-07-26,74,5,0.0013137526709722546,-0.001461836513545935,0.0027755891845181895,0.0011137526709722545,0.0025755891845181894,0.2,0.0002,0.2,-0.048682606734512746
2024-07-29,74,5,-0.005602267505290346,-0.003026028143199433,-0.0025762393620909134,-0.005802267505290346,-0.002776239362090913,0.2,0.0002,0.4,0.4753544859868981
2024-07-30,74,5,-0.007505170916606363,-0.0008486311970940654,-0.006656539719512297,-0.007705170916606363,-0.006856539719512297,0.2,0.0002,0.4,0.30275889818909363
2024-07-31,74,5,-0.0026998076833295625,-0.00461607771082259,0.0019162700274930273,-0.0028998076833295625,0.0017162700274930272,0.2,0.0002,0.4,0.3984494068503004
2024-08-01,74,5,-0.006052499982665758,-0.003126406689069307,-0.0029260932935964512,-0.006052499982665758,-0.0029260932935964512,0.0,0.0,0.4,0.4112619508258568
2024-08-02,75,5,-0.0061253877144298126,-0.0026429970771401795,-0.003482390637289633,-0.006525387714429813,-0.0038823906372896333,0.4,0.0004,0.4,0.15679887277443427
2024-08-05,75,5,-0.00022508258238650215,-0.00024360056705453322,1.851798466803107e-05,-0.00042508258238650216,-0.00018148201533196894,0.2,0.0002,0.4,-0.3770916040919392
2024-08-06,75,5,-0.003137429526797737,-0.0010465495234442648,-0.0020908800033534723,-0.0035374295267977373,-0.0024908800033534725,0.4,0.0004,0.4,-0.15111773468150247
2024-08-07,75,5,-0.005508304260948073,-0.0029828294305147317,-0.0025254748304333417,-0.005708304260948073,-0.0027254748304333413,0.2,0.0002,0.4,-0.23786978201903253
2024-08-08,75,5,-0.002738667476781598,-0.001093136324346573,-0.0016455311524350249,-0.002738667476781598,-0.0016455311524350249,0.0,0.0,0.4,-0.24775532881631612
2024-08-09,75,5,-0.0008905750192195639,-0.0008759546919477714,-1.4620327271792476e-05,-0.001090575019219564,-0.00021462032727179257,0.2,0.0002,0.4,-0.24206480386045115
2024-08-12,75,5,-0.003417321397644666,-0.0003592682915768461,-0.0030580531060678197,-0.003617321397644666,-0.00325805310606782,0.2,0.0002,0.4,-0.14887626483779925
2024-08-13,75,5,-0.005840255074352774,-0.002557667549306734,-0.00328258752504604,-0.0060402550743527735,-0.0034825875250460397,0.2,0.0002,0.4,0.06301561049690818
2024-08-14,75,5,-0.001418286437916425,-0.0011762476542887133,-0.00024203878362771174,-0.001818286437916425,-0.0006420387836277117,0.4,0.0004,0.2,-0.1785097471637389
2024-08-15,75,5,-0.003771610445543842,-0.003453532978045103,-0.0003180774674987393,-0.003971610445543842,-0.000518077467498739,0.2,0.0002,0.2,-0.20619972216872107
2024-08-16,75,5,-0.0004522003331327573,-0.0021778192867648307,0.0017256189536320734,-0.0008522003331327573,0.0013256189536320735,0.4,0.0004,0.2,0.03921072476796539
2024-08-19,75,5,0.0018068034712472516,-0.003367974464311606,0.005174777935558857,0.0016068034712472515,0.0049747779355588575,0.2,0.0002,0.2,0.6457204546118689
2024-08-20,75,5,0.005662668971545827,-0.002807169156111711,0.008469838127657538,0.005662668971545827,0.008469838127657538,0.0,0.0,0.2,0.6501664437390886
2024-08-21,75,5,0.005562847631297796,-0.0027440898453125165,0.008306937476610312,0.005362847631297797,0.008106937476610314,0.2,0.0002,0.2,0.2871899930944153
2024-08-22,75,5,-7.623998952011046e-05,-0.002290529897995822,0.0022142899084757117,-0.0004762399895201105,0.0018142899084757117,0.4,0.0004,0.2,0.7994499188523214
2024-08-23,75,5,-0.0024825574928664463,-0.0013078070630738053,-0.001174750429792641,-0.0026825574928664464,-0.001374750429792641,0.2,0.0002,0.2,0.6759310472004358
2024-08-26,75,5,0.001236623909935446,-0.0034669328393995753,0.004703556749335021,0.001036623909935446,0.004503556749335022,0.2,0.0002,0.2,1.0648526320539098
2024-08-27,75,5,0.005985283196817619,-0.001013181065101192,0.006998464261918811,0.0055852831968176185,0.0065984642619188105,0.4,0.0004,0.2,-0.09847290397908637
2024-08-28,75,5,0.005356726482959618,-0.0017502875371902162,0.007107014020149834,0.005356726482959618,0.007107014020149834,0.0,0.0,0.2,-0.08766988159879041
2024-08-29,75,5,0.0033499684660424967,-0.0011993316980646116,0.004549300164107108,0.0031499684660424966,0.0043493001641071085,0.2,0.0002,0.2,0.3751107647101506
2024-08-30,75,5,0.00448403864697343,-0.003858556261905877,0.008342594908879307,0.00448403864697343,0.008342594908879307,0.0,0.0,0.2,0.3604890207995517
2024-09-02,75,5,-0.0012322097624653417,-0.0030654547657268942,0.0018332450032615525,-0.0012322097624653417,0.0018332450032615525,0.0,0.0,0.2,0.3938148301189379
2024-09-03,74,5,-0.0013794780386930628,-0.004175837494225181,0.002796359455532118,-0.001579478038693063,0.0025963594555321176,0.2,0.0002,0.2,0.7595936752145356
2024-09-04,74,5,-0.0026641906264777936,-0.0042511520259347225,0.001586961399456929,-0.0028641906264777937,0.0013869613994569288,0.2,0.0002,0.2,0.4000867479789285
2024-09-05,74,5,0.008965211801920092,-0.0050473271139541915,0.014012538915874284,0.008565211801920092,0.013612538915874283,0.4,0.0004,0.2,-0.14795744553291357
2024-09-06,73,5,-0.005422826170579165,-0.005326668603335524,-9.615756724364131e-05,-0.0056228261705791645,-0.00029615756724364097,0.2,0.0002,0.2,0.2539997525924935
2024-09-09,73,5,0.002073066564755086,-0.0017180742381605041,0.00379114080291559,0.001873066564755086,0.0035911408029155904,0.2,0.0002,0.2,-0.01344337715487498
2024-09-10,73,5,0.0015916024616711023,0.0005449554097714056,0.0010466470518996967,0.0015916024616711023,0.0010466470518996967,0.0,0.0,0.2,-0.01427873241984301
2024-09-11,73,5,0.0031625755222135198,0.0014734194872618952,0.0016891560349516245,0.0031625755222135198,0.0016891560349516245,0.0,0.0,0.2,-0.011795293046624522
2024-09-12,73,5,0.0041404927310688235,0.0029421631039036654,0.001198329627165158,0.0041404927310688235,0.001198329627165158,0.0,0.0,0.2,-0.01765706070394657
2024-09-13,73,5,0.006520177490719573,0.011269143115325215,-0.004748965624605642,0.006320177490719573,-0.004948965624605642,0.2,0.0002,0.4,-0.2966702615301422
2024-09-18,73,5,0.003674673384516001,0.013166913251747204,-0.009492239867231203,0.003474673384516001,-0.009692239867231202,0.2,0.0002,0.4,-0.0587280792860998
2024-09-19,74,5,0.007826883599384287,0.019029184650790953,-0.011202301051406667,0.007626883599384287,-0.011402301051406667,0.2,0.0002,0.4,-0.009943488267026623
2024-09-20,74,5,0.010230498404638704,0.027118616275089456,-0.016888117870450754,0.009830498404638705,-0.017288117870450752,0.4,0.0004,0.4,0.23941789750609566
2024-09-23,74,5,0.034337354809067015,0.04372632433466866,-0.009388969525601643,0.034137354809067016,-0.009588969525601641,0.2,0.0002,0.4,0.253317261554173
2024-09-24,74,5,0.039806707120335,0.04159267184738449,-0.0017859647270494841,0.039806707120335,-0.0017859647270494841,0.0,0.0,0.4,0.23280810994967283
2024-09-25,74,5,0.03558598993568484,0.021499747743723215,0.014086242191961626,0.03518598993568484,0.013686242191961628,0.4,0.0004,0.4,0.2599344897497282
2024-09-26,74,5,0.03276561827980022,0.01685228479341153,0.01591333348638869,0.03256561827980022,0.015713333486388693,0.2,0.0002,0.4,-0.009949889267598877
2024-09-27,74,5,0.013757729052574668,0.00415986025104507,0.009597868801529599,0.013557729052574668,0.009397868801529598,0.2,0.0002,0.4,0.17503713319254288
2024-09-30,74,5,0.001307043325320656,-0.0075725385820965595,0.008879581907417215,0.001307043325320656,0.008879581907417215,0.0,0.0,0.4,0.1903938410703745
2024-10-08,74,5,-0.015149088539637524,-0.01690772325467421,0.0017586347150366846,-0.015349088539637524,0.001558634715036684,0.2,0.0002,0.4,-0.0370917864990119
2024-10-09,74,5,-0.01657853143936459,-0.0035091573487115906,-0.013069374090653,-0.01677853143936459,-0.013269374090653,0.2,0.0002,0.4,-0.20703277835373513
2024-10-10,75,5,-0.005299982281073721,-0.00893568627007733,0.0036357039890036096,-0.00549998228107372,0.00343570398900361,0.2,0.0002,0.4,-0.185726285906469
2024-10-11,75,5,0.007985851063990742,-0.00021601360345943998,0.008201864667450182,0.007785851063990742,0.008001864667450183,0.2,0.0002,0.4,-0.12054927691260175
2024-10-14,75,5,0.010049875903614329,-0.002456664206476192,0.01250654011009052,0.00964987590361433,0.012106540110090522,0.4,0.0004,0.4,-0.33198715182745353
2024-10-15,75,5,0.008648805137902053,0.003827628776886311,0.004821176361015742,0.008448805137902053,0.004621176361015742,0.2,0.0002,0.4,-0.049017483240003656
2024-10-16,75,5,0.002249893153761855,0.0055945863025216955,-0.0033446931487598405,0.002049893153761855,-0.0035446931487598406,0.2,0.0002,0.2,-0.39045684876415976
2024-10-17,75,5,-0.007017463176602496,0.006169775919375662,-0.01318723909597816,-0.007217463176602496,-0.013387239095978158,0.2,0.0002,0.2,0.08514956364139081
2024-10-18,75,5,-0.006133436961934731,0.002531638042681501,-0.008665075004616232,-0.006533436961934731,-0.009065075004616232,0.4,0.0004,0.2,-0.22751631116495474
2024-10-21,75,5,0.001542098689032101,0.00404837959854247,-0.0025062809095103694,0.001542098689032101,-0.0025062809095103694,0.0,0.0,0.2,-0.24427820468123151
2024-10-22,75,5,0.003991936596937968,0.0003705203006799982,0.00362141629625797,0.0037919365969379683,0.00342141629625797,0.2,0.0002,0.4,-0.38217593939937267
2024-10-23,75,5,0.003706624211784324,-0.0024332824904274497,0.006139906702211774,0.003506624211784324,0.005939906702211773,0.2,0.0002,0.2,-0.050577159633686364
2024-10-24,75,5,0.021967572648785506,-6.239721632975777e-06,0.021973812370418483,0.021767572648785507,0.021773812370418484,0.2,0.0002,0.2,-0.6628609653609843
2024-10-25,75,5,0.013459452617177476,-5.44143675939397e-05,0.013513866984771417,0.013259452617177475,0.013313866984771416,0.2,0.0002,0.4,-0.6857860604238333
2024-10-28,74,5,0.004868845155784167,-0.0007728017629712689,0.005641646918755436,0.004668845155784167,0.005441646918755436,0.2,0.0002,0.4,0.022229710758455923
2024-10-29,74,5,0.013544161307708807,0.006306468888402077,0.00723769241930673,0.013544161307708807,0.00723769241930673,0.0,0.0,0.4,0.03241952045536678
2024-10-30,74,5,0.01832426598069489,0.008146786082517888,0.010177479898177001,0.01812426598069489,0.009977479898177002,0.2,0.0002,0.2,0.6170717458877064
2024-10-31,74,5,0.01886980557183255,0.012560153538977567,0.006309652032854983,0.01886980557183255,0.006309652032854983,0.0,0.0,0.2,0.6556390945822592
2024-11-01,74,5,0.02764022407056698,0.010717691737262374,0.016922532333304607,0.027440224070566982,0.016722532333304608,0.2,0.0002,0.4,-0.2581361940397713
2024-11-04,74,5,0.032603253177540814,0.009301891865287789,0.023301361312253025,0.032403253177540815,0.023101361312253026,0.2,0.0002,0.4,-0.15002037243294453
2024-11-05,74,5,0.022773187985550013,0.00242287263897525,0.020350315346574763,0.022573187985550015,0.020150315346574764,0.2,0.0002,0.4,-0.5473130593990181
2024-11-06,74,5,0.014931560358791823,0.0030843973412141503,0.011847163017577673,0.014931560358791823,0.011847163017577673,0.0,0.0,0.4,-0.5244342100216457
2024-11-07,74,5,0.0027390049867925684,-0.00463846338862541,0.007377468375417979,0.0025390049867925683,0.007177468375417979,0.2,0.0002,0.2,-0.4989568146294445
2024-11-08,74,5,-0.008784555846434953,-0.006042832400659845,-0.0027417234457751075,-0.008984555846434953,-0.002941723445775108,0.2,0.0002,0.2,-0.1451349997345588
2024-11-11,75,5,-0.023571144105476415,-0.006471941954570476,-0.017099202150905938,-0.023971144105476416,-0.01749920215090594,0.4,0.0004,0.4,-0.46062592158043003
2024-11-12,75,5,-0.018107921403890854,-0.0043868370936497765,-0.013721084310241077,-0.018307921403890853,-0.013921084310241076,0.2,0.0002,0.4,-0.11201132393748736
2024-11-13,75,5,-0.01763528119806812,-0.004936134690413024,-0.012699146507655096,-0.01783528119806812,-0.012899146507655095,0.2,0.0002,0.4,-0.052337014177076924
2024-11-14,75,5,-0.009403370640525125,-0.001511109854771763,-0.007892260785753363,-0.009803370640525125,-0.008292260785753361,0.4,0.0004,0.4,-0.39751206817535234
2024-11-15,75,5,-0.011306846054428306,-0.005107204432932993,-0.006199641621495313,-0.011506846054428307,-0.006399641621495314,0.2,0.0002,0.4,-0.3802133032866486
2024-11-18,75,5,-0.011412109599230159,-0.006122902809047639,-0.0052892067901825195,-0.011412109599230159,-0.0052892067901825195,0.0,0.0,0.4,-0.39003126379770414
2024-11-19,75,5,-0.00697947085218705,-0.007178346351700895,0.00019887549951384548,-0.0071794708521870495,-1.124500486154173e-06,0.2,0.0002,0.4,-0.36094516682316424
2024-11-20,75,5,-0.0025474663826020503,-0.004693892432091369,0.0021464260494893183,-0.0025474663826020503,0.0021464260494893183,0.0,0.0,0.4,-0.36749346142050143
2024-11-21,75,5,-0.0048933681730058964,-0.005826253420381055,0.0009328852473751582,-0.0048933681730058964,0.0009328852473751582,0.0,0.0,0.4,-0.3517501678586008
2024-11-22,75,5,0.009428524450966477,0.002189384376318844,0.0072391400746476325,0.009428524450966477,0.0072391400746476325,0.0,0.0,0.4,-0.36655208285637997
2024-11-25,75,5,0.0064271009555097874,0.005320590551278206,0.0011065104042315812,0.006227100955509788,0.0009065104042315815,0.2,0.0002,0.2,-0.4202511018212718
2024-11-26,75,5,0.018669941453588697,0.00658630875739395,0.012083632696194746,0.018469941453588698,0.011883632696194748,0.2,0.0002,0.2,-0.3740172118660361
2024-11-27,75,5,0.008176845201100388,0.002279464814454584,0.005897380386645805,0.007976845201100388,0.005697380386645804,0.2,0.0002,0.2,-0.03084375021464325
2024-11-28,75,5,0.00733539224528545,0.002576695973274425,0.0047586962720110254,0.00733539224528545,0.0047586962720110254,0.0,0.0,0.2,-0.014459847891668431
2024-11-29,75,5,-0.002954276699929679,0.0022232730783729657,-0.005177549778302645,-0.003154276699929679,-0.005377549778302645,0.2,0.0002,0.2,0.7146775608192719
2024-12-02,75,5,-0.007081350687748555,0.00015662173231494682,-0.007237972420063502,-0.007281350687748555,-0.0074379724200635015,0.2,0.0002,0.2,0.10921675860316071
2024-12-03,75,5,-0.005312274717923429,8.001971378849533e-05,-0.005392294431711924,-0.005312274717923429,-0.005392294431711924,0.0,0.0,0.2,0.10336614068998884
2024-12-04,75,5,-0.0001595755230320428,0.001987450359740668,-0.0021470258827727107,-0.0003595755230320428,-0.002347025882772711,0.2,0.0002,0.2,-0.05112589113247523
2024-12-05,75,5,8.943475285000613e-05,0.004605551467965436,-0.004516116715115429,-0.00011056524714999388,-0.00471611671511543,0.2,0.0002,0.2,-0.37026955709282916
2024-12-06,75,5,-0.0019781428787482456,-0.0010392884397878732,-0.0009388544389603724,-0.0021781428787482457,-0.0011388544389603725,0.2,0.0002,0.2,-0.29149765972455377
2024-12-09,75,5,-0.0018210501892030172,-0.0015302884031258527,-0.00029076178607716457,-0.0018210501892030172,-0.00029076178607716457,0.0,0.0,0.2,-0.3023282501588245
2024-12-10,75,5,-0.0001381289736340907,-0.002013115557191734,0.0018749865835576433,-0.0003381289736340907,0.0016749865835576432,0.2,0.0002,0.2,0.0804695182591928
2024-12-11,75,5,0.00010514628276446115,-0.0020039727761935948,0.002109119058958056,-9.485371723553886e-05,0.0019091190589580558,0.2,0.0002,0.2,0.028014719643802977
2024-12-12,75,5,-0.0001461192089472352,-0.0043575632630028695,0.004211444054055634,-0.0003461192089472352,0.004011444054055634,0.2,0.0002,0.4,0.14562155540622257
2024-12-13,75,5,0.0038807201440264243,-0.0013507092613746826,0.005231429405401107,0.003680720144026424,0.005031429405401107,0.2,0.0002,0.4,0.10996706899423714
2024-12-16,75,5,-0.0007338110201633973,-0.0005927946405632657,-0.0001410163796001316,-0.0009338110201633973,-0.0003410163796001316,0.2,0.0002,0.2,0.01940152459501121
2024-12-17,75,5,0.001808128356638954,0.0015631733875815079,0.0002449549690574462,0.001808128356638954,0.0002449549690574462,0.0,0.0,0.2,0.02156881146296641
2024-12-18,75,5,-0.0007071628888962333,0.0008388503291208058,-0.001546013218017039,-0.0009071628888962333,-0.0017460132180170391,0.2,0.0002,0.2,-0.07965460877641206
2024-12-19,75,5,0.0037478305095718367,0.0008971957584663551,0.0028506347511054815,0.0037478305095718367,0.0028506347511054815,0.0,0.0,0.2,-0.08243020664468048
2024-12-20,75,5,0.004905279867156663,0.0024207244931204637,0.002484555374036199,0.004905279867156663,0.002484555374036199,0.0,0.0,0.2,-0.07040920757945912
2024-12-23,75,5,0.009297751440603977,0.0028838777510841627,0.006413873689519814,0.009297751440603977,0.006413873689519814,0.0,0.0,0.2,-0.08316443974211296
2024-12-24,75,5,0.004410153191701025,-0.0012649879986243958,0.00567514119032542,0.004210153191701025,0.005475141190325421,0.2,0.0002,0.4,-0.2060781151701523
